DATE & TIME, NET TOTAL(MW), EWIC(MW), MOYLE(MW)
31/08/2019 00:00,-579,-500,-79
31/08/2019 00:15,-579,-500,-79
31/08/2019 00:30,-580,-500,-80
31/08/2019 00:45,-580,-500,-80
31/08/2019 01:00,-580,-500,-80
31/08/2019 01:15,-580,-500,-80
31/08/2019 01:30,-579,-500,-79
31/08/2019 01:45,-579,-500,-79
31/08/2019 02:00,-580,-500,-80
31/08/2019 02:15,-579,-500,-79
31/08/2019 02:30,-579,-500,-79
31/08/2019 02:45,-580,-500,-80
31/08/2019 03:00,-579,-500,-79
31/08/2019 03:15,-580,-500,-80
31/08/2019 03:30,-580,-500,-80
31/08/2019 03:45,-528,-448,-80
31/08/2019 04:00,-453,-373,-80
31/08/2019 04:15,-377,-298,-79
31/08/2019 04:30,-351,-272,-79
31/08/2019 04:45,-349,-269,-80
31/08/2019 05:00,-273,-194,-79
31/08/2019 05:15,-205,-125,-80
31/08/2019 05:30,-158,-79,-79
31/08/2019 05:45,-233,-153,-80
31/08/2019 06:00,-249,-169,-80
31/08/2019 06:15,-302,-223,-79
31/08/2019 06:30,-227,-148,-79
31/08/2019 06:45,-217,-138,-79
31/08/2019 07:00,-293,-213,-80
31/08/2019 07:15,-303,-288,-15
31/08/2019 07:30,-368,-292,-76
31/08/2019 07:45,-303,-223,-80
31/08/2019 08:00,-164,-148,-16
31/08/2019 08:15,15,-73,88
31/08/2019 08:30,122,0,122
31/08/2019 08:45,145,0,145
31/08/2019 09:00,218,0,218
31/08/2019 09:15,293,0,293
31/08/2019 09:30,366,0,366
31/08/2019 09:45,408,0,408
31/08/2019 10:00,421,0,421
31/08/2019 10:15,419,0,419
31/08/2019 10:30,442,0,442
31/08/2019 10:45,389,0,389
31/08/2019 11:00,316,0,316
31/08/2019 11:15,227,-12,239
31/08/2019 11:30,167,-1,168
31/08/2019 11:45,165,0,165
31/08/2019 12:00,150,0,150
31/08/2019 12:15,120,0,120
31/08/2019 12:30,152,0,152
31/08/2019 12:45,178,0,178
31/08/2019 13:00,101,0,101
31/08/2019 13:15,33,0,33
31/08/2019 13:30,17,0,17
31/08/2019 13:45,52,0,52
31/08/2019 14:00,89,0,89
31/08/2019 14:15,135,0,135
31/08/2019 14:30,133,0,133
31/08/2019 14:45,128,0,128
31/08/2019 15:00,10,-47,57
31/08/2019 15:15,-100,-117,17
31/08/2019 15:30,-101,-117,16
31/08/2019 15:45,-116,-64,-52
31/08/2019 16:00,-121,-41,-80
31/08/2019 16:15,-93,-14,-79
31/08/2019 16:30,-102,-22,-80
31/08/2019 16:45,-113,-33,-80
31/08/2019 17:00,-74,-1,-73
31/08/2019 17:15,-77,0,-77
31/08/2019 17:30,-95,-17,-78
31/08/2019 17:45,-158,-85,-73
31/08/2019 18:00,-163,-85,-78
31/08/2019 18:15,-109,-29,-80
31/08/2019 18:30,-80,0,-80
31/08/2019 18:45,-105,-26,-79
31/08/2019 19:00,-80,-64,-16
31/08/2019 19:15,-95,-112,17
31/08/2019 19:30,-96,-113,17
31/08/2019 19:45,-105,-122,17
31/08/2019 20:00,-124,-141,17
31/08/2019 20:15,-244,-164,-80
31/08/2019 20:30,-178,-162,-16
31/08/2019 20:45,-106,-172,66
31/08/2019 21:00,-51,-115,64
31/08/2019 21:15,33,-56,89
31/08/2019 21:30,-32,-49,17
31/08/2019 21:45,-37,-22,-15
31/08/2019 22:00,-83,-48,-35
31/08/2019 22:15,-163,-95,-68
31/08/2019 22:30,-38,-20,-18
31/08/2019 22:45,71,0,71
31/08/2019 23:00,124,0,124
31/08/2019 23:15,52,0,52
31/08/2019 23:30,-26,0,-26
31/08/2019 23:45,-17,-2,-15
01/09/2019 00:00,-17,-2,-15
01/09/2019 00:15,89,0,89
01/09/2019 00:30,162,0,162
01/09/2019 00:45,209,1,208
01/09/2019 01:00,137,1,136
01/09/2019 01:15,63,0,63
01/09/2019 01:30,84,0,84
01/09/2019 01:45,71,0,71
01/09/2019 02:00,64,0,64
01/09/2019 02:15,55,0,55
01/09/2019 02:30,71,0,71
01/09/2019 02:45,92,0,92
01/09/2019 03:00,65,0,65
01/09/2019 03:15,36,0,36
01/09/2019 03:30,37,0,37
01/09/2019 03:45,37,0,37
01/09/2019 04:00,17,0,17
01/09/2019 04:15,17,0,17
01/09/2019 04:30,17,0,17
01/09/2019 04:45,17,0,17
01/09/2019 05:00,20,0,20
01/09/2019 05:15,29,0,29
01/09/2019 05:30,25,0,25
01/09/2019 05:45,70,53,17
01/09/2019 06:00,18,1,17
01/09/2019 06:15,-158,-72,-86
01/09/2019 06:30,-176,-36,-140
01/09/2019 06:45,-161,-20,-141
01/09/2019 07:00,-127,-1,-126
01/09/2019 07:15,-51,0,-51
01/09/2019 07:30,-23,0,-23
01/09/2019 07:45,-32,0,-32
01/09/2019 08:00,-15,0,-15
01/09/2019 08:15,89,0,89
01/09/2019 08:30,162,0,162
01/09/2019 08:45,242,0,242
01/09/2019 09:00,283,0,283
01/09/2019 09:15,210,0,210
01/09/2019 09:30,206,0,206
01/09/2019 09:45,224,0,224
01/09/2019 10:00,180,0,180
01/09/2019 10:15,138,0,138
01/09/2019 10:30,111,0,111
01/09/2019 10:45,182,0,182
01/09/2019 11:00,257,0,257
01/09/2019 11:15,258,0,258
01/09/2019 11:30,270,0,270
01/09/2019 11:45,338,0,338
01/09/2019 12:00,347,0,347
01/09/2019 12:15,367,0,367
01/09/2019 12:30,377,0,377
01/09/2019 12:45,375,0,375
01/09/2019 13:00,442,0,442
01/09/2019 13:15,498,52,446
01/09/2019 13:30,524,78,446
01/09/2019 13:45,581,135,446
01/09/2019 14:00,655,210,445
01/09/2019 14:15,731,285,446
01/09/2019 14:30,790,343,447
01/09/2019 14:45,764,318,446
01/09/2019 15:00,839,393,446
01/09/2019 15:15,910,464,446
01/09/2019 15:30,835,389,446
01/09/2019 15:45,760,314,446
01/09/2019 16:00,685,239,446
01/09/2019 16:15,610,164,446
01/09/2019 16:30,533,89,444
01/09/2019 16:45,507,73,434
01/09/2019 17:00,529,86,443
01/09/2019 17:15,533,87,446
01/09/2019 17:30,521,143,378
01/09/2019 17:45,448,144,304
01/09/2019 18:00,438,69,369
01/09/2019 18:15,442,0,442
01/09/2019 18:30,446,0,446
01/09/2019 18:45,482,36,446
01/09/2019 19:00,393,1,392
01/09/2019 19:15,318,0,318
01/09/2019 19:30,244,0,244
01/09/2019 19:45,188,-5,193
01/09/2019 20:00,264,-1,265
01/09/2019 20:15,330,0,330
01/09/2019 20:30,347,0,347
01/09/2019 20:45,416,0,416
01/09/2019 21:00,343,0,343
01/09/2019 21:15,343,74,269
01/09/2019 21:30,488,149,339
01/09/2019 21:45,578,166,412
01/09/2019 22:00,452,91,361
01/09/2019 22:15,331,40,291
01/09/2019 22:30,443,79,364
01/09/2019 22:45,591,153,438
01/09/2019 23:00,647,201,446
01/09/2019 23:15,504,127,377
01/09/2019 23:30,354,52,302
01/09/2019 23:45,229,0,229
02/09/2019 00:00,276,0,276
02/09/2019 00:15,348,0,348
02/09/2019 00:30,422,0,422
02/09/2019 00:45,446,0,446
02/09/2019 01:00,406,0,406
02/09/2019 01:15,338,0,338
02/09/2019 01:30,265,0,265
02/09/2019 01:45,289,0,289
02/09/2019 02:00,363,0,363
02/09/2019 02:15,436,0,436
02/09/2019 02:30,446,0,446
02/09/2019 02:45,424,0,424
02/09/2019 03:00,394,0,394
02/09/2019 03:15,345,0,345
02/09/2019 03:30,371,0,371
02/09/2019 03:45,312,0,312
02/09/2019 04:00,238,0,238
02/09/2019 04:15,203,40,163
02/09/2019 04:30,165,40,125
02/09/2019 04:45,133,40,93
02/09/2019 05:00,19,1,18
02/09/2019 05:15,-100,-14,-86
02/09/2019 05:30,-162,-1,-161
02/09/2019 05:45,-133,0,-133
02/09/2019 06:00,-203,-59,-144
02/09/2019 06:15,-272,-105,-167
02/09/2019 06:30,-387,-180,-207
02/09/2019 06:45,-362,-170,-192
02/09/2019 07:00,-207,-95,-112
02/09/2019 07:15,-59,-20,-39
02/09/2019 07:30,-15,0,-15
02/09/2019 07:45,84,-4,88
02/09/2019 08:00,157,-1,158
02/09/2019 08:15,311,74,237
02/09/2019 08:30,432,120,312
02/09/2019 08:45,420,76,344
02/09/2019 09:00,351,1,350
02/09/2019 09:15,355,0,355
02/09/2019 09:30,428,0,428
02/09/2019 09:45,390,0,390
02/09/2019 10:00,317,0,317
02/09/2019 10:15,170,-74,244
02/09/2019 10:30,223,-1,224
02/09/2019 10:45,300,74,226
02/09/2019 11:00,153,1,152
02/09/2019 11:15,4,-74,78
02/09/2019 11:30,-33,-51,18
02/09/2019 11:45,-32,0,-32
02/09/2019 12:00,-105,0,-105
02/09/2019 12:15,-93,0,-93
02/09/2019 12:30,-15,0,-15
02/09/2019 12:45,27,0,27
02/09/2019 13:00,18,0,18
02/09/2019 13:15,-89,0,-89
02/09/2019 13:30,-15,0,-15
02/09/2019 13:45,86,0,86
02/09/2019 14:00,18,0,18
02/09/2019 14:15,-85,0,-85
02/09/2019 14:30,-106,0,-106
02/09/2019 14:45,-31,0,-31
02/09/2019 15:00,-82,0,-82
02/09/2019 15:15,-119,0,-119
02/09/2019 15:30,-165,0,-165
02/09/2019 15:45,-122,-30,-92
02/09/2019 16:00,-19,-1,-18
02/09/2019 16:15,22,0,22
02/09/2019 16:30,-53,-71,18
02/09/2019 16:45,-221,-146,-75
02/09/2019 17:00,-147,-75,-72
02/09/2019 17:15,-79,0,-79
02/09/2019 17:30,-18,0,-18
02/09/2019 17:45,-15,0,-15
02/09/2019 18:00,-15,0,-15
02/09/2019 18:15,-38,0,-38
02/09/2019 18:30,-38,0,-38
02/09/2019 18:45,-35,0,-35
02/09/2019 19:00,-92,0,-92
02/09/2019 19:15,-137,0,-137
02/09/2019 19:30,-165,0,-165
02/09/2019 19:45,-130,-38,-92
02/09/2019 20:00,-19,-1,-18
02/09/2019 20:15,94,26,68
02/09/2019 20:30,89,1,88
02/09/2019 20:45,161,0,161
02/09/2019 21:00,257,37,220
02/09/2019 21:15,381,101,280
02/09/2019 21:30,504,150,354
02/09/2019 21:45,427,76,351
02/09/2019 22:00,278,1,277
02/09/2019 22:15,194,-7,201
02/09/2019 22:30,156,-1,157
02/09/2019 22:45,231,0,231
02/09/2019 23:00,279,0,279
02/09/2019 23:15,238,32,206
02/09/2019 23:30,129,1,128
02/09/2019 23:45,134,0,134
03/09/2019 00:00,105,0,105
03/09/2019 00:15,72,0,72
03/09/2019 00:30,61,0,61
03/09/2019 00:45,50,0,50
03/09/2019 01:00,18,0,18
03/09/2019 01:15,-161,-74,-87
03/09/2019 01:30,-297,-149,-148
03/09/2019 01:45,-335,-187,-148
03/09/2019 02:00,-291,-142,-149
03/09/2019 02:15,-250,-102,-148
03/09/2019 02:30,-240,-91,-149
03/09/2019 02:45,-218,-70,-148
03/09/2019 03:00,-226,-78,-148
03/09/2019 03:15,-236,-88,-148
03/09/2019 03:30,-216,-68,-148
03/09/2019 03:45,-270,-121,-149
03/09/2019 04:00,-345,-196,-149
03/09/2019 04:15,-420,-271,-149
03/09/2019 04:30,-495,-346,-149
03/09/2019 04:45,-473,-325,-148
03/09/2019 05:00,-399,-250,-149
03/09/2019 05:15,-325,-176,-149
03/09/2019 05:30,-400,-251,-149
03/09/2019 05:45,-473,-324,-149
03/09/2019 06:00,-546,-397,-149
03/09/2019 06:15,-552,-403,-149
03/09/2019 06:30,-476,-328,-148
03/09/2019 06:45,-402,-253,-149
03/09/2019 07:00,-326,-178,-148
03/09/2019 07:15,-180,-103,-77
03/09/2019 07:30,-1,-28,27
03/09/2019 07:45,87,0,87
03/09/2019 08:00,158,0,158
03/09/2019 08:15,307,74,233
03/09/2019 08:30,455,149,306
03/09/2019 08:45,535,154,381
03/09/2019 09:00,509,175,334
03/09/2019 09:15,503,220,283
03/09/2019 09:30,501,145,356
03/09/2019 09:45,625,195,430
03/09/2019 10:00,717,270,447
03/09/2019 10:15,725,345,380
03/09/2019 10:30,841,397,444
03/09/2019 10:45,781,344,437
03/09/2019 11:00,675,311,364
03/09/2019 11:15,561,272,289
03/09/2019 11:30,558,287,271
03/09/2019 11:45,637,295,342
03/09/2019 12:00,601,316,285
03/09/2019 12:15,595,338,257
03/09/2019 12:30,666,336,330
03/09/2019 12:45,735,345,390
03/09/2019 13:00,612,296,316
03/09/2019 13:15,463,221,242
03/09/2019 13:30,568,285,283
03/09/2019 13:45,615,257,358
03/09/2019 14:00,488,182,306
03/09/2019 14:15,358,107,251
03/09/2019 14:30,356,32,324
03/09/2019 14:45,503,106,397
03/09/2019 15:00,516,141,375
03/09/2019 15:15,457,149,308
03/09/2019 15:30,336,100,236
03/09/2019 15:45,417,138,279
03/09/2019 16:00,566,213,353
03/09/2019 16:15,706,288,418
03/09/2019 16:30,627,281,346
03/09/2019 16:45,494,211,283
03/09/2019 17:00,494,138,356
03/09/2019 17:15,610,179,431
03/09/2019 17:30,591,174,417
03/09/2019 17:45,529,187,342
03/09/2019 18:00,382,112,270
03/09/2019 18:15,246,37,209
03/09/2019 18:30,184,21,163
03/09/2019 18:45,169,77,92
03/09/2019 19:00,20,2,18
03/09/2019 19:15,-15,0,-15
03/09/2019 19:30,-15,0,-15
03/09/2019 19:45,17,0,17
03/09/2019 20:00,-32,-49,17
03/09/2019 20:15,-163,-76,-87
03/09/2019 20:30,-18,-1,-17
03/09/2019 20:45,75,27,48
03/09/2019 21:00,19,1,18
03/09/2019 21:15,-52,0,-52
03/09/2019 21:30,-17,0,-17
03/09/2019 21:45,87,0,87
03/09/2019 22:00,18,0,18
03/09/2019 22:15,-163,-74,-89
03/09/2019 22:30,-215,-149,-66
03/09/2019 22:45,-91,-75,-16
03/09/2019 23:00,-64,-49,-15
03/09/2019 23:15,-203,-124,-79
03/09/2019 23:30,-240,-161,-79
03/09/2019 23:45,-268,-188,-80
04/09/2019 00:00,-342,-263,-79
04/09/2019 00:15,-417,-338,-79
04/09/2019 00:30,-488,-413,-75
04/09/2019 00:45,-433,-367,-66
04/09/2019 01:00,-384,-313,-71
04/09/2019 01:15,-318,-238,-80
04/09/2019 01:30,-335,-256,-79
04/09/2019 01:45,-336,-256,-80
04/09/2019 02:00,-328,-249,-79
04/09/2019 02:15,-320,-240,-80
04/09/2019 02:30,-317,-238,-79
04/09/2019 02:45,-297,-217,-80
04/09/2019 03:00,-362,-282,-80
04/09/2019 03:15,-427,-347,-80
04/09/2019 03:30,-415,-336,-79
04/09/2019 03:45,-446,-366,-80
04/09/2019 04:00,-480,-400,-80
04/09/2019 04:15,-480,-400,-80
04/09/2019 04:30,-479,-400,-79
04/09/2019 04:45,-479,-400,-79
04/09/2019 05:00,-480,-400,-80
04/09/2019 05:15,-479,-400,-79
04/09/2019 05:30,-480,-400,-80
04/09/2019 05:45,-480,-400,-80
04/09/2019 06:00,-479,-400,-79
04/09/2019 06:15,-479,-400,-79
04/09/2019 06:30,-480,-400,-80
04/09/2019 06:45,-479,-400,-79
04/09/2019 07:00,-480,-400,-80
04/09/2019 07:15,-479,-400,-79
04/09/2019 07:30,-479,-400,-79
04/09/2019 07:45,-440,-360,-80
04/09/2019 08:00,-397,-317,-80
04/09/2019 08:15,-271,-244,-27
04/09/2019 08:30,-245,-168,-77
04/09/2019 08:45,-172,-93,-79
04/09/2019 09:00,-229,-150,-79
04/09/2019 09:15,-304,-225,-79
04/09/2019 09:30,-327,-248,-79
04/09/2019 09:45,-327,-248,-79
04/09/2019 10:00,-329,-249,-80
04/09/2019 10:15,-337,-258,-79
04/09/2019 10:30,-286,-206,-80
04/09/2019 10:45,-320,-241,-79
04/09/2019 11:00,-396,-316,-80
04/09/2019 11:15,-220,-243,23
04/09/2019 11:30,-163,-260,97
04/09/2019 11:45,-159,-329,170
04/09/2019 12:00,-218,-400,182
04/09/2019 12:15,-243,-400,157
04/09/2019 12:30,-276,-400,124
04/09/2019 12:45,-309,-400,91
04/09/2019 13:00,-383,-400,17
04/09/2019 13:15,-479,-400,-79
04/09/2019 13:30,-417,-400,-17
04/09/2019 13:45,-383,-400,17
04/09/2019 14:00,-383,-400,17
04/09/2019 14:15,-480,-400,-80
04/09/2019 14:30,-480,-400,-80
04/09/2019 14:45,-435,-400,-35
04/09/2019 15:00,-477,-400,-77
04/09/2019 15:15,-479,-400,-79
04/09/2019 15:30,-479,-400,-79
04/09/2019 15:45,-480,-400,-80
04/09/2019 16:00,-480,-400,-80
04/09/2019 16:15,-480,-400,-80
04/09/2019 16:30,-480,-400,-80
04/09/2019 16:45,-480,-400,-80
04/09/2019 17:00,-480,-400,-80
04/09/2019 17:15,-479,-400,-79
04/09/2019 17:30,-480,-400,-80
04/09/2019 17:45,-415,-400,-15
04/09/2019 18:00,-415,-400,-15
04/09/2019 18:15,-433,-400,-33
04/09/2019 18:30,-443,-400,-43
04/09/2019 18:45,-454,-400,-54
04/09/2019 19:00,-463,-400,-63
04/09/2019 19:15,-457,-400,-57
04/09/2019 19:30,-477,-400,-77
04/09/2019 19:45,-480,-400,-80
04/09/2019 20:00,-414,-397,-17
04/09/2019 20:15,-290,-323,33
04/09/2019 20:30,-202,-248,46
04/09/2019 20:45,-54,-173,119
04/09/2019 21:00,32,-159,191
04/09/2019 21:15,107,-151,258
04/09/2019 21:30,256,-76,332
04/09/2019 21:45,404,-1,405
04/09/2019 22:00,401,0,401
04/09/2019 22:15,353,16,337
04/09/2019 22:30,352,15,337
04/09/2019 22:45,425,15,410
04/09/2019 23:00,434,15,419
04/09/2019 23:15,288,-59,347
04/09/2019 23:30,140,-134,274
04/09/2019 23:45,-8,-209,201
05/09/2019 00:00,-52,-178,126
05/09/2019 00:15,-50,-103,53
05/09/2019 00:30,-11,-28,17
05/09/2019 00:45,48,0,48
05/09/2019 01:00,75,0,75
05/09/2019 01:15,103,0,103
05/09/2019 01:30,113,0,113
05/09/2019 01:45,129,0,129
05/09/2019 02:00,140,0,140
05/09/2019 02:15,146,0,146
05/09/2019 02:30,73,0,73
05/09/2019 02:45,140,0,140
05/09/2019 03:00,214,0,214
05/09/2019 03:15,287,0,287
05/09/2019 03:30,344,0,344
05/09/2019 03:45,271,0,271
05/09/2019 04:00,196,0,196
05/09/2019 04:15,123,0,123
05/09/2019 04:30,135,0,135
05/09/2019 04:45,140,0,140
05/09/2019 05:00,68,0,68
05/09/2019 05:15,17,0,17
05/09/2019 05:30,16,0,16
05/09/2019 05:45,-88,0,-88
05/09/2019 06:00,-128,0,-128
05/09/2019 06:15,-190,-62,-128
05/09/2019 06:30,-190,-62,-128
05/09/2019 06:45,-190,-62,-128
05/09/2019 07:00,-105,-1,-104
05/09/2019 07:15,46,74,-28
05/09/2019 07:30,220,149,71
05/09/2019 07:45,368,224,144
05/09/2019 08:00,525,299,226
05/09/2019 08:15,674,374,300
05/09/2019 08:30,823,449,374
05/09/2019 08:45,967,524,443
05/09/2019 09:00,960,514,446
05/09/2019 09:15,885,439,446
05/09/2019 09:30,940,495,445
05/09/2019 09:45,868,422,446
05/09/2019 10:00,793,347,446
05/09/2019 10:15,718,272,446
05/09/2019 10:30,643,197,446
05/09/2019 10:45,635,189,446
05/09/2019 11:00,560,114,446
05/09/2019 11:15,414,39,375
05/09/2019 11:30,396,1,395
05/09/2019 11:45,435,0,435
05/09/2019 12:00,399,37,362
05/09/2019 12:15,443,112,331
05/09/2019 12:30,426,128,298
05/09/2019 12:45,404,106,298
05/09/2019 13:00,329,31,298
05/09/2019 13:15,298,0,298
05/09/2019 13:30,299,0,299
05/09/2019 13:45,298,0,298
05/09/2019 14:00,311,13,298
05/09/2019 14:15,324,26,298
05/09/2019 14:30,330,32,298
05/09/2019 14:45,330,32,298
05/09/2019 15:00,372,74,298
05/09/2019 15:15,415,117,298
05/09/2019 15:30,415,117,298
05/09/2019 15:45,391,123,268
05/09/2019 16:00,281,48,233
05/09/2019 16:15,159,0,159
05/09/2019 16:30,87,0,87
05/09/2019 16:45,30,0,30
05/09/2019 17:00,17,0,17
05/09/2019 17:15,16,0,16
05/09/2019 17:30,17,0,17
05/09/2019 17:45,-45,0,-45
05/09/2019 18:00,-120,0,-120
05/09/2019 18:15,-151,-23,-128
05/09/2019 18:30,-148,-20,-128
05/09/2019 18:45,-183,-81,-102
05/09/2019 19:00,-283,-156,-127
05/09/2019 19:15,-358,-231,-127
05/09/2019 19:30,-434,-306,-128
05/09/2019 19:45,-413,-285,-128
05/09/2019 20:00,-359,-231,-128
05/09/2019 20:15,-284,-156,-128
05/09/2019 20:30,-276,-156,-120
05/09/2019 20:45,-252,-132,-120
05/09/2019 21:00,-255,-127,-128
05/09/2019 21:15,-255,-128,-127
05/09/2019 21:30,-124,-53,-71
05/09/2019 21:45,-127,-112,-15
05/09/2019 22:00,-202,-187,-15
05/09/2019 22:15,-318,-262,-56
05/09/2019 22:30,-418,-337,-81
05/09/2019 22:45,-427,-322,-105
05/09/2019 23:00,-449,-323,-126
05/09/2019 23:15,-488,-397,-91
05/09/2019 23:30,-489,-472,-17
05/09/2019 23:45,-394,-417,23
06/09/2019 00:00,-476,-492,16
06/09/2019 00:15,-588,-500,-88
06/09/2019 00:30,-516,-500,-16
06/09/2019 00:45,-433,-456,23
06/09/2019 01:00,-482,-499,17
06/09/2019 01:15,-588,-500,-88
06/09/2019 01:30,-627,-500,-127
06/09/2019 01:45,-627,-500,-127
06/09/2019 02:00,-627,-500,-127
06/09/2019 02:15,-627,-500,-127
06/09/2019 02:30,-627,-500,-127
06/09/2019 02:45,-627,-500,-127
06/09/2019 03:00,-626,-500,-126
06/09/2019 03:15,-628,-500,-128
06/09/2019 03:30,-626,-500,-126
06/09/2019 03:45,-627,-500,-127
06/09/2019 04:00,-627,-500,-127
06/09/2019 04:15,-627,-500,-127
06/09/2019 04:30,-627,-500,-127
06/09/2019 04:45,-627,-500,-127
06/09/2019 05:00,-627,-500,-127
06/09/2019 05:15,-627,-500,-127
06/09/2019 05:30,-627,-500,-127
06/09/2019 05:45,-627,-500,-127
06/09/2019 06:00,-627,-500,-127
06/09/2019 06:15,-627,-500,-127
06/09/2019 06:30,-627,-500,-127
06/09/2019 06:45,-564,-437,-127
06/09/2019 07:00,-489,-362,-127
06/09/2019 07:15,-414,-287,-127
06/09/2019 07:30,-321,-233,-88
06/09/2019 07:45,-220,-204,-16
06/09/2019 08:00,-199,-129,-70
06/09/2019 08:15,-181,-54,-127
06/09/2019 08:30,-72,0,-72
06/09/2019 08:45,-16,0,-16
06/09/2019 09:00,-15,0,-15
06/09/2019 09:15,81,0,81
06/09/2019 09:30,60,0,60
06/09/2019 09:45,54,0,54
06/09/2019 10:00,17,0,17
06/09/2019 10:15,17,0,17
06/09/2019 10:30,17,0,17
06/09/2019 10:45,17,0,17
06/09/2019 11:00,57,0,57
06/09/2019 11:15,100,0,100
06/09/2019 11:30,104,0,104
06/09/2019 11:45,99,0,99
06/09/2019 12:00,102,0,102
06/09/2019 12:15,103,0,103
06/09/2019 12:30,128,0,128
06/09/2019 12:45,160,0,160
06/09/2019 13:00,121,0,121
06/09/2019 13:15,79,0,79
06/09/2019 13:30,101,0,101
06/09/2019 13:45,123,0,123
06/09/2019 14:00,91,0,91
06/09/2019 14:15,34,0,34
06/09/2019 14:30,107,0,107
06/09/2019 14:45,93,0,93
06/09/2019 15:00,16,0,16
06/09/2019 15:15,-15,0,-15
06/09/2019 15:30,-64,0,-64
06/09/2019 15:45,-91,0,-91
06/09/2019 16:00,-16,0,-16
06/09/2019 16:15,38,0,38
06/09/2019 16:30,18,0,18
06/09/2019 16:45,-137,-74,-63
06/09/2019 17:00,-16,-1,-15
06/09/2019 17:15,129,40,89
06/09/2019 17:30,107,1,106
06/09/2019 17:45,86,0,86
06/09/2019 18:00,160,0,160
06/09/2019 18:15,227,0,227
06/09/2019 18:30,282,0,282
06/09/2019 18:45,265,0,265
06/09/2019 19:00,191,0,191
06/09/2019 19:15,134,0,134
06/09/2019 19:30,61,0,61
06/09/2019 19:45,113,0,113
06/09/2019 20:00,188,0,188
06/09/2019 20:15,262,0,262
06/09/2019 20:30,335,0,335
06/09/2019 20:45,420,12,408
06/09/2019 21:00,447,1,446
06/09/2019 21:15,400,0,400
06/09/2019 21:30,446,10,436
06/09/2019 21:45,487,83,404
06/09/2019 22:00,415,84,331
06/09/2019 22:15,287,18,269
06/09/2019 22:30,362,18,344
06/09/2019 22:45,453,35,418
06/09/2019 23:00,481,35,446
06/09/2019 23:15,374,0,374
06/09/2019 23:30,300,0,300
06/09/2019 23:45,263,0,263
07/09/2019 00:00,335,0,335
07/09/2019 00:15,410,0,410
07/09/2019 00:30,412,0,412
07/09/2019 00:45,346,0,346
07/09/2019 01:00,340,0,340
07/09/2019 01:15,323,0,323
07/09/2019 01:30,309,0,309
07/09/2019 01:45,289,0,289
07/09/2019 02:00,270,0,270
07/09/2019 02:15,242,0,242
07/09/2019 02:30,242,0,242
07/09/2019 02:45,237,0,237
07/09/2019 03:00,243,0,243
07/09/2019 03:15,235,0,235
07/09/2019 03:30,240,0,240
07/09/2019 03:45,231,0,231
07/09/2019 04:00,238,0,238
07/09/2019 04:15,254,29,225
07/09/2019 04:30,242,29,213
07/09/2019 04:45,232,29,203
07/09/2019 05:00,167,1,166
07/09/2019 05:15,116,0,116
07/09/2019 05:30,163,0,163
07/09/2019 05:45,91,0,91
07/09/2019 06:00,18,0,18
07/09/2019 06:15,-15,0,-15
07/09/2019 06:30,-63,0,-63
07/09/2019 06:45,-39,51,-90
07/09/2019 07:00,110,126,-16
07/09/2019 07:15,289,201,88
07/09/2019 07:30,321,255,66
07/09/2019 07:45,427,312,115
07/09/2019 08:00,575,387,188
07/09/2019 08:15,724,462,262
07/09/2019 08:30,867,530,337
07/09/2019 08:45,939,530,409
07/09/2019 09:00,976,530,446
07/09/2019 09:15,977,530,447
07/09/2019 09:30,976,530,446
07/09/2019 09:45,976,530,446
07/09/2019 10:00,976,530,446
07/09/2019 10:15,976,530,446
07/09/2019 10:30,976,530,446
07/09/2019 10:45,976,530,446
07/09/2019 11:00,976,530,446
07/09/2019 11:15,977,530,447
07/09/2019 11:30,976,530,446
07/09/2019 11:45,976,530,446
07/09/2019 12:00,977,530,447
07/09/2019 12:15,977,530,447
07/09/2019 12:30,976,530,446
07/09/2019 12:45,976,530,446
07/09/2019 13:00,976,530,446
07/09/2019 13:15,977,530,447
07/09/2019 13:30,976,530,446
07/09/2019 13:45,977,530,447
07/09/2019 14:00,976,530,446
07/09/2019 14:15,977,530,447
07/09/2019 14:30,976,530,446
07/09/2019 14:45,976,530,446
07/09/2019 15:00,976,530,446
07/09/2019 15:15,976,530,446
07/09/2019 15:30,976,530,446
07/09/2019 15:45,977,530,447
07/09/2019 16:00,976,530,446
07/09/2019 16:15,976,530,446
07/09/2019 16:30,976,530,446
07/09/2019 16:45,976,530,446
07/09/2019 17:00,976,530,446
07/09/2019 17:15,976,530,446
07/09/2019 17:30,976,530,446
07/09/2019 17:45,976,530,446
07/09/2019 18:00,977,530,447
07/09/2019 18:15,976,530,446
07/09/2019 18:30,977,530,447
07/09/2019 18:45,976,530,446
07/09/2019 19:00,977,530,447
07/09/2019 19:15,976,530,446
07/09/2019 19:30,975,530,445
07/09/2019 19:45,977,530,447
07/09/2019 20:00,976,530,446
07/09/2019 20:15,976,530,446
07/09/2019 20:30,976,530,446
07/09/2019 20:45,977,530,447
07/09/2019 21:00,976,530,446
07/09/2019 21:15,976,530,446
07/09/2019 21:30,976,530,446
07/09/2019 21:45,976,530,446
07/09/2019 22:00,912,530,382
07/09/2019 22:15,845,530,315
07/09/2019 22:30,919,530,389
07/09/2019 22:45,977,530,447
07/09/2019 23:00,977,530,447
07/09/2019 23:15,871,456,415
07/09/2019 23:30,827,381,446
07/09/2019 23:45,800,354,446
08/09/2019 00:00,876,429,447
08/09/2019 00:15,936,504,432
08/09/2019 00:30,973,530,443
08/09/2019 00:45,924,477,447
08/09/2019 01:00,848,402,446
08/09/2019 01:15,744,327,417
08/09/2019 01:30,675,252,423
08/09/2019 01:45,731,306,425
08/09/2019 02:00,728,284,444
08/09/2019 02:15,716,270,446
08/09/2019 02:30,717,271,446
08/09/2019 02:45,734,287,447
08/09/2019 03:00,660,213,447
08/09/2019 03:15,601,154,447
08/09/2019 03:30,529,83,446
08/09/2019 03:45,602,155,447
08/09/2019 04:00,675,230,445
08/09/2019 04:15,676,303,373
08/09/2019 04:30,771,363,408
08/09/2019 04:45,726,304,422
08/09/2019 05:00,674,229,445
08/09/2019 05:15,600,154,446
08/09/2019 05:30,554,107,447
08/09/2019 05:45,541,135,406
08/09/2019 06:00,392,60,332
08/09/2019 06:15,259,0,259
08/09/2019 06:30,195,0,195
08/09/2019 06:45,303,52,251
08/09/2019 07:00,452,127,325
08/09/2019 07:15,599,202,397
08/09/2019 07:30,645,277,368
08/09/2019 07:45,650,331,319
08/09/2019 08:00,796,406,390
08/09/2019 08:15,926,481,445
08/09/2019 08:30,890,444,446
08/09/2019 08:45,842,396,446
08/09/2019 09:00,917,471,446
08/09/2019 09:15,977,530,447
08/09/2019 09:30,976,530,446
08/09/2019 09:45,976,530,446
08/09/2019 10:00,976,530,446
08/09/2019 10:15,976,530,446
08/09/2019 10:30,977,530,447
08/09/2019 10:45,977,530,447
08/09/2019 11:00,976,530,446
08/09/2019 11:15,902,530,372
08/09/2019 11:30,829,530,299
08/09/2019 11:45,852,530,322
08/09/2019 12:00,830,530,300
08/09/2019 12:15,807,530,277
08/09/2019 12:30,802,530,272
08/09/2019 12:45,787,530,257
08/09/2019 13:00,715,530,185
08/09/2019 13:15,620,480,140
08/09/2019 13:30,744,529,215
08/09/2019 13:45,819,530,289
08/09/2019 14:00,745,493,252
08/09/2019 14:15,655,418,237
08/09/2019 14:30,805,492,313
08/09/2019 14:45,914,530,384
08/09/2019 15:00,940,530,410
08/09/2019 15:15,873,485,388
08/09/2019 15:30,854,492,362
08/09/2019 15:45,796,490,306
08/09/2019 16:00,889,510,379
08/09/2019 16:15,746,437,309
08/09/2019 16:30,598,362,236
08/09/2019 16:45,467,287,180
08/09/2019 17:00,483,225,258
08/09/2019 17:15,632,300,332
08/09/2019 17:30,592,303,289
08/09/2019 17:45,464,233,231
08/09/2019 18:00,465,158,307
08/09/2019 18:15,460,83,377
08/09/2019 18:30,399,8,391
08/09/2019 18:45,331,10,321
08/09/2019 19:00,246,1,245
08/09/2019 19:15,172,0,172
08/09/2019 19:30,99,0,99
08/09/2019 19:45,67,0,67
08/09/2019 20:00,106,0,106
08/09/2019 20:15,148,0,148
08/09/2019 20:30,141,0,141
08/09/2019 20:45,134,0,134
08/09/2019 21:00,172,32,140
08/09/2019 21:15,242,107,135
08/09/2019 21:30,334,123,211
08/09/2019 21:45,375,101,274
08/09/2019 22:00,225,26,199
08/09/2019 22:15,126,0,126
08/09/2019 22:30,164,0,164
08/09/2019 22:45,238,0,238
08/09/2019 23:00,295,0,295
08/09/2019 23:15,223,0,223
08/09/2019 23:30,146,0,146
08/09/2019 23:45,72,0,72
09/09/2019 00:00,-29,0,-29
09/09/2019 00:15,-153,-47,-106
09/09/2019 00:30,-182,-39,-143
09/09/2019 00:45,-139,-21,-118
09/09/2019 01:00,-236,-95,-141
09/09/2019 01:15,-313,-170,-143
09/09/2019 01:30,-290,-147,-143
09/09/2019 01:45,-287,-144,-143
09/09/2019 02:00,-362,-219,-143
09/09/2019 02:15,-437,-294,-143
09/09/2019 02:30,-443,-306,-137
09/09/2019 02:45,-454,-318,-136
09/09/2019 03:00,-535,-393,-142
09/09/2019 03:15,-611,-468,-143
09/09/2019 03:30,-643,-500,-143
09/09/2019 03:45,-643,-500,-143
09/09/2019 04:00,-643,-500,-143
09/09/2019 04:15,-643,-500,-143
09/09/2019 04:30,-643,-500,-143
09/09/2019 04:45,-643,-500,-143
09/09/2019 05:00,-643,-500,-143
09/09/2019 05:15,-643,-500,-143
09/09/2019 05:30,-643,-500,-143
09/09/2019 05:45,-643,-500,-143
09/09/2019 06:00,-619,-500,-119
09/09/2019 06:15,-543,-500,-43
09/09/2019 06:30,-587,-500,-87
09/09/2019 06:45,-520,-431,-89
09/09/2019 07:00,-371,-356,-15
09/09/2019 07:15,-258,-281,23
09/09/2019 07:30,-213,-230,17
09/09/2019 07:45,-235,-203,-32
09/09/2019 08:00,-146,-128,-18
09/09/2019 08:15,34,-53,87
09/09/2019 08:30,163,0,163
09/09/2019 08:45,181,0,181
09/09/2019 09:00,127,0,127
09/09/2019 09:15,69,0,69
09/09/2019 09:30,70,0,70
09/09/2019 09:45,69,0,69
09/09/2019 10:00,19,0,19
09/09/2019 10:15,-31,0,-31
09/09/2019 10:30,-17,0,-17
09/09/2019 10:45,-15,0,-15
09/09/2019 11:00,-63,0,-63
09/09/2019 11:15,-212,-74,-138
09/09/2019 11:30,-287,-144,-143
09/09/2019 11:45,-224,-81,-143
09/09/2019 12:00,-274,-131,-143
09/09/2019 12:15,-349,-206,-143
09/09/2019 12:30,-280,-137,-143
09/09/2019 12:45,-246,-103,-143
09/09/2019 13:00,-321,-178,-143
09/09/2019 13:15,-396,-253,-143
09/09/2019 13:30,-376,-232,-144
09/09/2019 13:45,-380,-237,-143
09/09/2019 14:00,-455,-312,-143
09/09/2019 14:15,-530,-387,-143
09/09/2019 14:30,-528,-391,-137
09/09/2019 14:45,-490,-349,-141
09/09/2019 15:00,-538,-397,-141
09/09/2019 15:15,-593,-457,-136
09/09/2019 15:30,-642,-500,-142
09/09/2019 15:45,-592,-448,-144
09/09/2019 16:00,-518,-373,-145
09/09/2019 16:15,-442,-298,-144
09/09/2019 16:30,-438,-293,-145
09/09/2019 16:45,-430,-285,-145
09/09/2019 17:00,-289,-210,-79
09/09/2019 17:15,-171,-140,-31
09/09/2019 17:30,-82,-67,-15
09/09/2019 17:45,-173,-98,-75
09/09/2019 18:00,-315,-173,-142
09/09/2019 18:15,-353,-210,-143
09/09/2019 18:30,-353,-210,-143
09/09/2019 18:45,-274,-159,-115
09/09/2019 19:00,-224,-84,-140
09/09/2019 19:15,-152,-9,-143
09/09/2019 19:30,-149,-6,-143
09/09/2019 19:45,-168,-76,-92
09/09/2019 20:00,-19,-1,-18
09/09/2019 20:15,160,74,86
09/09/2019 20:30,319,149,170
09/09/2019 20:45,407,162,245
09/09/2019 21:00,468,237,231
09/09/2019 21:15,519,312,207
09/09/2019 21:30,657,378,279
09/09/2019 21:45,674,322,352
09/09/2019 22:00,578,247,331
09/09/2019 22:15,453,172,281
09/09/2019 22:30,451,97,354
09/09/2019 22:45,545,116,429
09/09/2019 23:00,562,116,446
09/09/2019 23:15,414,41,373
09/09/2019 23:30,265,-34,299
09/09/2019 23:45,118,-109,227
10/09/2019 00:00,198,-63,261
10/09/2019 00:15,337,0,337
10/09/2019 00:30,354,0,354
10/09/2019 00:45,353,0,353
10/09/2019 01:00,432,0,432
10/09/2019 01:15,450,3,447
10/09/2019 01:30,448,1,447
10/09/2019 01:45,411,0,411
10/09/2019 02:00,420,0,420
10/09/2019 02:15,410,0,410
10/09/2019 02:30,407,0,407
10/09/2019 02:45,398,0,398
10/09/2019 03:00,417,0,417
10/09/2019 03:15,504,66,438
10/09/2019 03:30,494,49,445
10/09/2019 03:45,494,48,446
10/09/2019 04:00,511,71,440
10/09/2019 04:15,542,96,446
10/09/2019 04:30,548,102,446
10/09/2019 04:45,567,121,446
10/09/2019 05:00,522,75,447
10/09/2019 05:15,481,35,446
10/09/2019 05:30,446,0,446
10/09/2019 05:45,465,51,414
10/09/2019 06:00,464,126,338
10/09/2019 06:15,468,201,267
10/09/2019 06:30,514,255,259
10/09/2019 06:45,642,312,330
10/09/2019 07:00,793,387,406
10/09/2019 07:15,909,462,447
10/09/2019 07:30,977,530,447
10/09/2019 07:45,977,530,447
10/09/2019 08:00,976,530,446
10/09/2019 08:15,977,530,447
10/09/2019 08:30,976,530,446
10/09/2019 08:45,977,530,447
10/09/2019 09:00,976,530,446
10/09/2019 09:15,976,529,447
10/09/2019 09:30,976,530,446
10/09/2019 09:45,976,530,446
10/09/2019 10:00,976,530,446
10/09/2019 10:15,976,530,446
10/09/2019 10:30,976,530,446
10/09/2019 10:45,976,530,446
10/09/2019 11:00,977,530,447
10/09/2019 11:15,977,530,447
10/09/2019 11:30,977,530,447
10/09/2019 11:45,976,530,446
10/09/2019 12:00,976,530,446
10/09/2019 12:15,920,473,447
10/09/2019 12:30,865,419,446
10/09/2019 12:45,786,345,441
10/09/2019 13:00,638,270,368
10/09/2019 13:15,508,195,313
10/09/2019 13:30,406,120,286
10/09/2019 13:45,400,45,355
10/09/2019 14:00,376,0,376
10/09/2019 14:15,409,0,409
10/09/2019 14:30,384,0,384
10/09/2019 14:45,369,0,369
10/09/2019 15:00,317,0,317
10/09/2019 15:15,273,0,273
10/09/2019 15:30,233,0,233
10/09/2019 15:45,200,0,200
10/09/2019 16:00,129,0,129
10/09/2019 16:15,-15,-74,59
10/09/2019 16:30,-132,-149,17
10/09/2019 16:45,-294,-207,-87
10/09/2019 17:00,-382,-282,-100
10/09/2019 17:15,-456,-357,-99
10/09/2019 17:30,-501,-432,-69
10/09/2019 17:45,-515,-500,-15
10/09/2019 18:00,-564,-500,-64
10/09/2019 18:15,-600,-500,-100
10/09/2019 18:30,-600,-500,-100
10/09/2019 18:45,-600,-500,-100
10/09/2019 19:00,-599,-500,-99
10/09/2019 19:15,-600,-500,-100
10/09/2019 19:30,-600,-500,-100
10/09/2019 19:45,-600,-500,-100
10/09/2019 20:00,-600,-500,-100
10/09/2019 20:15,-600,-500,-100
10/09/2019 20:30,-600,-500,-100
10/09/2019 20:45,-600,-500,-100
10/09/2019 21:00,-600,-500,-100
10/09/2019 21:15,-601,-500,-101
10/09/2019 21:30,-600,-500,-100
10/09/2019 21:45,-572,-500,-72
10/09/2019 22:00,-575,-500,-75
10/09/2019 22:15,-501,-426,-75
10/09/2019 22:30,-504,-439,-65
10/09/2019 22:45,-490,-440,-50
10/09/2019 23:00,-478,-440,-38
10/09/2019 23:15,-603,-500,-103
10/09/2019 23:30,-605,-500,-105
10/09/2019 23:45,-605,-500,-105
11/09/2019 00:00,-605,-500,-105
11/09/2019 00:15,-605,-500,-105
11/09/2019 00:30,-605,-500,-105
11/09/2019 00:45,-606,-500,-106
11/09/2019 01:00,-605,-500,-105
11/09/2019 01:15,-605,-500,-105
11/09/2019 01:30,-606,-500,-106
11/09/2019 01:45,-607,-500,-107
11/09/2019 02:00,-606,-500,-106
11/09/2019 02:15,-606,-500,-106
11/09/2019 02:30,-605,-500,-105
11/09/2019 02:45,-605,-500,-105
11/09/2019 03:00,-606,-500,-106
11/09/2019 03:15,-605,-500,-105
11/09/2019 03:30,-605,-500,-105
11/09/2019 03:45,-605,-500,-105
11/09/2019 04:00,-605,-500,-105
11/09/2019 04:15,-605,-500,-105
11/09/2019 04:30,-605,-500,-105
11/09/2019 04:45,-604,-500,-104
11/09/2019 05:00,-604,-500,-104
11/09/2019 05:15,-606,-500,-106
11/09/2019 05:30,-605,-500,-105
11/09/2019 05:45,-605,-500,-105
11/09/2019 06:00,-605,-500,-105
11/09/2019 06:15,-576,-500,-76
11/09/2019 06:30,-516,-500,-16
11/09/2019 06:45,-515,-500,-15
11/09/2019 07:00,-515,-500,-15
11/09/2019 07:15,-455,-500,45
11/09/2019 07:30,-482,-500,18
11/09/2019 07:45,-518,-431,-87
11/09/2019 08:00,-372,-356,-16
11/09/2019 08:15,-211,-281,70
11/09/2019 08:30,-88,-230,142
11/09/2019 08:45,-111,-203,92
11/09/2019 09:00,-110,-128,18
11/09/2019 09:15,-78,-53,-25
11/09/2019 09:30,-17,0,-17
11/09/2019 09:45,17,0,17
11/09/2019 10:00,17,0,17
11/09/2019 10:15,17,0,17
11/09/2019 10:30,24,0,24
11/09/2019 10:45,17,0,17
11/09/2019 11:00,17,0,17
11/09/2019 11:15,88,0,88
11/09/2019 11:30,166,0,166
11/09/2019 11:45,174,0,174
11/09/2019 12:00,212,0,212
11/09/2019 12:15,253,0,253
11/09/2019 12:30,247,0,247
11/09/2019 12:45,243,0,243
11/09/2019 13:00,225,0,225
11/09/2019 13:15,225,0,225
11/09/2019 13:30,144,0,144
11/09/2019 13:45,181,0,181
11/09/2019 14:00,255,0,255
11/09/2019 14:15,334,0,334
11/09/2019 14:30,379,0,379
11/09/2019 14:45,387,33,354
11/09/2019 15:00,480,108,372
11/09/2019 15:15,548,182,366
11/09/2019 15:30,595,217,378
11/09/2019 15:45,561,170,391
11/09/2019 16:00,584,182,402
11/09/2019 16:15,560,182,378
11/09/2019 16:30,659,217,442
11/09/2019 16:45,709,263,446
11/09/2019 17:00,665,218,447
11/09/2019 17:15,597,150,447
11/09/2019 17:30,672,225,447
11/09/2019 17:45,626,180,446
11/09/2019 18:00,551,105,446
11/09/2019 18:15,428,30,398
11/09/2019 18:30,323,0,323
11/09/2019 18:45,363,0,363
11/09/2019 19:00,440,0,440
11/09/2019 19:15,446,0,446
11/09/2019 19:30,373,0,373
11/09/2019 19:45,309,0,309
11/09/2019 20:00,407,73,334
11/09/2019 20:15,543,148,395
11/09/2019 20:30,628,182,446
11/09/2019 20:45,675,228,447
11/09/2019 21:00,749,303,446
11/09/2019 21:15,814,378,436
11/09/2019 21:30,889,447,442
11/09/2019 21:45,848,402,446
11/09/2019 22:00,923,477,446
11/09/2019 22:15,976,530,446
11/09/2019 22:30,952,530,422
11/09/2019 22:45,916,530,386
11/09/2019 23:00,887,530,357
11/09/2019 23:15,742,456,286
11/09/2019 23:30,593,381,212
11/09/2019 23:45,441,306,135
12/09/2019 00:00,291,231,60
12/09/2019 00:15,173,156,17
12/09/2019 00:30,98,81,17
12/09/2019 00:45,23,6,17
12/09/2019 01:00,18,0,18
12/09/2019 01:15,-122,-34,-88
12/09/2019 01:30,-178,-58,-120
12/09/2019 01:45,-248,-128,-120
12/09/2019 02:00,-323,-203,-120
12/09/2019 02:15,-397,-278,-119
12/09/2019 02:30,-472,-353,-119
12/09/2019 02:45,-495,-376,-119
12/09/2019 03:00,-571,-451,-120
12/09/2019 03:15,-620,-500,-120
12/09/2019 03:30,-619,-500,-119
12/09/2019 03:45,-619,-500,-119
12/09/2019 04:00,-620,-500,-120
12/09/2019 04:15,-620,-500,-120
12/09/2019 04:30,-620,-500,-120
12/09/2019 04:45,-619,-500,-119
12/09/2019 05:00,-619,-500,-119
12/09/2019 05:15,-620,-500,-120
12/09/2019 05:30,-619,-500,-119
12/09/2019 05:45,-620,-500,-120
12/09/2019 06:00,-619,-500,-119
12/09/2019 06:15,-620,-500,-120
12/09/2019 06:30,-620,-500,-120
12/09/2019 06:45,-619,-500,-119
12/09/2019 07:00,-620,-500,-120
12/09/2019 07:15,-619,-500,-119
12/09/2019 07:30,-620,-500,-120
12/09/2019 07:45,-620,-500,-120
12/09/2019 08:00,-619,-500,-119
12/09/2019 08:15,-619,-500,-119
12/09/2019 08:30,-619,-500,-119
12/09/2019 08:45,-601,-481,-120
12/09/2019 09:00,-525,-406,-119
12/09/2019 09:15,-451,-331,-120
12/09/2019 09:30,-355,-256,-99
12/09/2019 09:45,-205,-181,-24
12/09/2019 10:00,-255,-169,-86
12/09/2019 10:15,-267,-148,-119
12/09/2019 10:30,-184,-73,-111
12/09/2019 10:45,-36,0,-36
12/09/2019 11:00,-15,0,-15
12/09/2019 11:15,163,74,89
12/09/2019 11:30,315,149,166
12/09/2019 11:45,432,191,241
12/09/2019 12:00,504,187,317
12/09/2019 12:15,595,206,389
12/09/2019 12:30,577,132,445
12/09/2019 12:45,574,128,446
12/09/2019 13:00,646,201,445
12/09/2019 13:15,723,276,447
12/09/2019 13:30,665,219,446
12/09/2019 13:45,633,187,446
12/09/2019 14:00,615,168,447
12/09/2019 14:15,597,151,446
12/09/2019 14:30,523,76,447
12/09/2019 14:45,594,147,447
12/09/2019 15:00,668,222,446
12/09/2019 15:15,744,297,447
12/09/2019 15:30,776,329,447
12/09/2019 15:45,702,256,446
12/09/2019 16:00,639,193,446
12/09/2019 16:15,651,204,447
12/09/2019 16:30,593,146,447
12/09/2019 16:45,619,173,446
12/09/2019 17:00,694,248,446
12/09/2019 17:15,770,323,447
12/09/2019 17:30,760,314,446
12/09/2019 17:45,685,270,415
12/09/2019 18:00,741,298,443
12/09/2019 18:15,818,372,446
12/09/2019 18:30,772,387,385
12/09/2019 18:45,680,361,319
12/09/2019 19:00,738,346,392
12/09/2019 19:15,784,338,446
12/09/2019 19:30,709,263,446
12/09/2019 19:45,735,315,420
12/09/2019 20:00,797,390,407
12/09/2019 20:15,834,465,369
12/09/2019 20:30,972,530,442
12/09/2019 20:45,977,530,447
12/09/2019 21:00,976,530,446
12/09/2019 21:15,976,530,446
12/09/2019 21:30,977,530,447
12/09/2019 21:45,977,530,447
12/09/2019 22:00,976,530,446
12/09/2019 22:15,967,530,437
12/09/2019 22:30,953,530,423
12/09/2019 22:45,932,530,402
12/09/2019 23:00,918,530,388
12/09/2019 23:15,771,456,315
12/09/2019 23:30,622,381,241
12/09/2019 23:45,474,306,168
13/09/2019 00:00,445,231,214
13/09/2019 00:15,491,203,288
13/09/2019 00:30,639,278,361
13/09/2019 00:45,789,353,436
13/09/2019 01:00,814,368,446
13/09/2019 01:15,677,293,384
13/09/2019 01:30,593,277,316
13/09/2019 01:45,622,308,314
13/09/2019 02:00,613,300,313
13/09/2019 02:15,607,294,313
13/09/2019 02:30,607,294,313
13/09/2019 02:45,608,294,314
13/09/2019 03:00,616,303,313
13/09/2019 03:15,627,313,314
13/09/2019 03:30,641,328,313
13/09/2019 03:45,568,255,313
13/09/2019 04:00,494,180,314
13/09/2019 04:15,418,105,313
13/09/2019 04:30,344,30,314
13/09/2019 04:45,314,0,314
13/09/2019 05:00,313,0,313
13/09/2019 05:15,320,0,320
13/09/2019 05:30,329,0,329
13/09/2019 05:45,358,43,315
13/09/2019 06:00,358,118,240
13/09/2019 06:15,360,193,167
13/09/2019 06:30,356,210,146
13/09/2019 06:45,506,283,223
13/09/2019 07:00,651,358,293
13/09/2019 07:15,800,433,367
13/09/2019 07:30,949,508,441
13/09/2019 07:45,977,530,447
13/09/2019 08:00,976,530,446
13/09/2019 08:15,976,530,446
13/09/2019 08:30,976,530,446
13/09/2019 08:45,976,530,446
13/09/2019 09:00,977,530,447
13/09/2019 09:15,977,530,447
13/09/2019 09:30,976,530,446
13/09/2019 09:45,976,530,446
13/09/2019 10:00,976,530,446
13/09/2019 10:15,977,530,447
13/09/2019 10:30,976,530,446
13/09/2019 10:45,977,530,447
13/09/2019 11:00,976,530,446
13/09/2019 11:15,976,530,446
13/09/2019 11:30,976,530,446
13/09/2019 11:45,976,530,446
13/09/2019 12:00,977,530,447
13/09/2019 12:15,976,530,446
13/09/2019 12:30,976,530,446
13/09/2019 12:45,976,530,446
13/09/2019 13:00,977,530,447
13/09/2019 13:15,976,530,446
13/09/2019 13:30,976,530,446
13/09/2019 13:45,976,530,446
13/09/2019 14:00,976,530,446
13/09/2019 14:15,976,530,446
13/09/2019 14:30,977,530,447
13/09/2019 14:45,976,530,446
13/09/2019 15:00,976,530,446
13/09/2019 15:15,976,530,446
13/09/2019 15:30,976,530,446
13/09/2019 15:45,976,530,446
13/09/2019 16:00,977,530,447
13/09/2019 16:15,976,530,446
13/09/2019 16:30,975,529,446
13/09/2019 16:45,976,530,446
13/09/2019 17:00,976,530,446
13/09/2019 17:15,976,530,446
13/09/2019 17:30,976,530,446
13/09/2019 17:45,976,530,446
13/09/2019 18:00,976,530,446
13/09/2019 18:15,977,530,447
13/09/2019 18:30,977,530,447
13/09/2019 18:45,976,530,446
13/09/2019 19:00,976,530,446
13/09/2019 19:15,977,530,447
13/09/2019 19:30,976,530,446
13/09/2019 19:45,976,530,446
13/09/2019 20:00,976,530,446
13/09/2019 20:15,976,530,446
13/09/2019 20:30,977,530,447
13/09/2019 20:45,977,530,447
13/09/2019 21:00,977,530,447
13/09/2019 21:15,976,530,446
13/09/2019 21:30,976,530,446
13/09/2019 21:45,968,530,438
13/09/2019 22:00,896,530,366
13/09/2019 22:15,821,530,291
13/09/2019 22:30,865,530,335
13/09/2019 22:45,905,530,375
13/09/2019 23:00,938,530,408
13/09/2019 23:15,798,456,342
13/09/2019 23:30,647,381,266
13/09/2019 23:45,499,306,193
14/09/2019 00:00,346,231,115
14/09/2019 00:15,271,156,115
14/09/2019 00:30,244,81,163
14/09/2019 00:45,97,6,91
14/09/2019 01:00,17,0,17
14/09/2019 01:15,-119,-74,-45
14/09/2019 01:30,-238,-149,-89
14/09/2019 01:45,-271,-180,-91
14/09/2019 02:00,-346,-255,-91
14/09/2019 02:15,-420,-330,-90
14/09/2019 02:30,-346,-256,-90
14/09/2019 02:45,-306,-215,-91
14/09/2019 03:00,-381,-290,-91
14/09/2019 03:15,-456,-365,-91
14/09/2019 03:30,-437,-346,-91
14/09/2019 03:45,-413,-322,-91
14/09/2019 04:00,-488,-397,-91
14/09/2019 04:15,-563,-472,-91
14/09/2019 04:30,-591,-500,-91
14/09/2019 04:45,-589,-500,-89
14/09/2019 05:00,-592,-500,-92
14/09/2019 05:15,-592,-500,-92
14/09/2019 05:30,-592,-500,-92
14/09/2019 05:45,-592,-500,-92
14/09/2019 06:00,-592,-500,-92
14/09/2019 06:15,-592,-500,-92
14/09/2019 06:30,-592,-500,-92
14/09/2019 06:45,-592,-500,-92
14/09/2019 07:00,-592,-500,-92
14/09/2019 07:15,-592,-500,-92
14/09/2019 07:30,-592,-500,-92
14/09/2019 07:45,-592,-500,-92
14/09/2019 08:00,-592,-500,-92
14/09/2019 08:15,-591,-500,-91
14/09/2019 08:30,-592,-500,-92
14/09/2019 08:45,-571,-500,-71
14/09/2019 09:00,-498,-426,-72
14/09/2019 09:15,-442,-351,-91
14/09/2019 09:30,-378,-359,-19
14/09/2019 09:45,-309,-294,-15
14/09/2019 10:00,-234,-219,-15
14/09/2019 10:15,-55,-144,89
14/09/2019 10:30,18,-69,87
14/09/2019 10:45,10,-93,103
14/09/2019 11:00,105,-18,123
14/09/2019 11:15,54,0,54
14/09/2019 11:30,68,0,68
14/09/2019 11:45,93,0,93
14/09/2019 12:00,17,0,17
14/09/2019 12:15,-88,0,-88
14/09/2019 12:30,-17,0,-17
14/09/2019 12:45,17,0,17
14/09/2019 13:00,-30,-47,17
14/09/2019 13:15,-211,-122,-89
14/09/2019 13:30,-118,-101,-17
14/09/2019 13:45,-49,-103,54
14/09/2019 14:00,-162,-178,16
14/09/2019 14:15,-342,-253,-89
14/09/2019 14:30,-351,-261,-90
14/09/2019 14:45,-374,-283,-91
14/09/2019 15:00,-448,-358,-90
14/09/2019 15:15,-522,-431,-91
14/09/2019 15:30,-591,-500,-91
14/09/2019 15:45,-590,-500,-90
14/09/2019 16:00,-588,-497,-91
14/09/2019 16:15,-485,-422,-63
14/09/2019 16:30,-563,-473,-90
14/09/2019 16:45,-590,-499,-91
14/09/2019 17:00,-442,-424,-18
14/09/2019 17:15,-332,-349,17
14/09/2019 17:30,-406,-423,17
14/09/2019 17:45,-587,-498,-89
14/09/2019 18:00,-591,-500,-91
14/09/2019 18:15,-590,-500,-90
14/09/2019 18:30,-590,-500,-90
14/09/2019 18:45,-591,-500,-91
14/09/2019 19:00,-590,-500,-90
14/09/2019 19:15,-590,-500,-90
14/09/2019 19:30,-592,-500,-92
14/09/2019 19:45,-591,-500,-91
14/09/2019 20:00,-591,-500,-91
14/09/2019 20:15,-590,-500,-90
14/09/2019 20:30,-529,-438,-91
14/09/2019 20:45,-453,-363,-90
14/09/2019 21:00,-378,-288,-90
14/09/2019 21:15,-305,-214,-91
14/09/2019 21:30,-229,-139,-90
14/09/2019 21:45,-83,-64,-19
14/09/2019 22:00,-128,-44,-84
14/09/2019 22:15,-206,-116,-90
14/09/2019 22:30,-60,-41,-19
14/09/2019 22:45,31,0,31
14/09/2019 23:00,45,0,45
14/09/2019 23:15,-132,-74,-58
14/09/2019 23:30,-184,-50,-134
14/09/2019 23:45,-162,0,-162
15/09/2019 00:00,-167,-48,-119
15/09/2019 00:15,-120,-76,-44
15/09/2019 00:30,-16,-1,-15
15/09/2019 00:45,143,56,87
15/09/2019 01:00,291,131,160
15/09/2019 01:15,348,206,142
15/09/2019 01:30,344,257,87
15/09/2019 01:45,448,313,135
15/09/2019 02:00,598,388,210
15/09/2019 02:15,746,463,283
15/09/2019 02:30,886,530,356
15/09/2019 02:45,849,530,319
15/09/2019 03:00,859,530,329
15/09/2019 03:15,867,530,337
15/09/2019 03:30,861,530,331
15/09/2019 03:45,852,530,322
15/09/2019 04:00,851,530,321
15/09/2019 04:15,862,530,332
15/09/2019 04:30,861,530,331
15/09/2019 04:45,797,482,315
15/09/2019 05:00,761,407,354
15/09/2019 05:15,668,332,336
15/09/2019 05:30,569,307,262
15/09/2019 05:45,428,234,194
15/09/2019 06:00,327,159,168
15/09/2019 06:15,229,84,145
15/09/2019 06:30,82,9,73
15/09/2019 06:45,105,0,105
15/09/2019 07:00,191,14,177
15/09/2019 07:15,341,89,252
15/09/2019 07:30,429,105,324
15/09/2019 07:45,368,83,285
15/09/2019 08:00,223,8,215
15/09/2019 08:15,166,0,166
15/09/2019 08:30,100,0,100
15/09/2019 08:45,126,0,126
15/09/2019 09:00,182,0,182
15/09/2019 09:15,254,0,254
15/09/2019 09:30,249,0,249
15/09/2019 09:45,266,0,266
15/09/2019 10:00,275,0,275
15/09/2019 10:15,289,0,289
15/09/2019 10:30,300,0,300
15/09/2019 10:45,291,0,291
15/09/2019 11:00,321,0,321
15/09/2019 11:15,469,74,395
15/09/2019 11:30,590,144,446
15/09/2019 11:45,474,69,405
15/09/2019 12:00,331,0,331
15/09/2019 12:15,244,-14,258
15/09/2019 12:30,183,-1,184
15/09/2019 12:45,234,0,234
15/09/2019 13:00,236,0,236
15/09/2019 13:15,224,0,224
15/09/2019 13:30,298,0,298
15/09/2019 13:45,372,0,372
15/09/2019 14:00,319,0,319
15/09/2019 14:15,247,0,247
15/09/2019 14:30,217,0,217
15/09/2019 14:45,235,0,235
15/09/2019 15:00,229,0,229
15/09/2019 15:15,215,0,215
15/09/2019 15:30,223,0,223
15/09/2019 15:45,233,0,233
15/09/2019 16:00,175,0,175
15/09/2019 16:15,127,0,127
15/09/2019 16:30,52,0,52
15/09/2019 16:45,68,0,68
15/09/2019 17:00,141,0,141
15/09/2019 17:15,219,0,219
15/09/2019 17:30,179,-49,228
15/09/2019 17:45,169,-76,245
15/09/2019 18:00,318,-1,319
15/09/2019 18:15,449,56,393
15/09/2019 18:30,491,45,446
15/09/2019 18:45,499,53,446
15/09/2019 19:00,407,1,406
15/09/2019 19:15,356,0,356
15/09/2019 19:30,350,0,350
15/09/2019 19:45,351,0,351
15/09/2019 20:00,347,61,286
15/09/2019 20:15,475,134,341
15/09/2019 20:30,576,161,415
15/09/2019 20:45,590,144,446
15/09/2019 21:00,563,117,446
15/09/2019 21:15,501,84,417
15/09/2019 21:30,520,92,428
15/09/2019 21:45,516,96,420
15/09/2019 22:00,496,114,382
15/09/2019 22:15,470,136,334
15/09/2019 22:30,493,134,359
15/09/2019 22:45,512,134,378
15/09/2019 23:00,524,134,390
15/09/2019 23:15,383,60,323
15/09/2019 23:30,249,0,249
15/09/2019 23:45,175,0,175
16/09/2019 00:00,101,0,101
16/09/2019 00:15,169,0,169
16/09/2019 00:30,167,0,167
16/09/2019 00:45,236,0,236
16/09/2019 01:00,311,0,311
16/09/2019 01:15,302,0,302
16/09/2019 01:30,309,0,309
16/09/2019 01:45,319,0,319
16/09/2019 02:00,328,0,328
16/09/2019 02:15,340,0,340
16/09/2019 02:30,344,0,344
16/09/2019 02:45,336,0,336
16/09/2019 03:00,343,0,343
16/09/2019 03:15,338,0,338
16/09/2019 03:30,338,0,338
16/09/2019 03:45,334,0,334
16/09/2019 04:00,406,0,406
16/09/2019 04:15,412,0,412
16/09/2019 04:30,354,16,338
16/09/2019 04:45,339,75,264
16/09/2019 05:00,190,0,190
16/09/2019 05:15,40,-75,115
16/09/2019 05:30,-9,-51,42
16/09/2019 05:45,-25,0,-25
16/09/2019 06:00,-98,0,-98
16/09/2019 06:15,-164,-74,-90
16/09/2019 06:30,-40,-23,-17
16/09/2019 06:45,87,0,87
16/09/2019 07:00,166,0,166
16/09/2019 07:15,317,74,243
16/09/2019 07:30,460,149,311
16/09/2019 07:45,545,224,321
16/09/2019 08:00,694,299,395
16/09/2019 08:15,820,374,446
16/09/2019 08:30,895,449,446
16/09/2019 08:45,971,524,447
16/09/2019 09:00,976,530,446
16/09/2019 09:15,976,530,446
16/09/2019 09:30,977,530,447
16/09/2019 09:45,976,530,446
16/09/2019 10:00,977,530,447
16/09/2019 10:15,976,530,446
16/09/2019 10:30,976,530,446
16/09/2019 10:45,977,530,447
16/09/2019 11:00,976,530,446
16/09/2019 11:15,976,530,446
16/09/2019 11:30,977,530,447
16/09/2019 11:45,977,530,447
16/09/2019 12:00,976,530,446
16/09/2019 12:15,976,530,446
16/09/2019 12:30,976,530,446
16/09/2019 12:45,976,530,446
16/09/2019 13:00,977,530,447
16/09/2019 13:15,976,530,446
16/09/2019 13:30,976,530,446
16/09/2019 13:45,976,530,446
16/09/2019 14:00,977,530,447
16/09/2019 14:15,976,530,446
16/09/2019 14:30,977,530,447
16/09/2019 14:45,977,530,447
16/09/2019 15:00,977,530,447
16/09/2019 15:15,976,530,446
16/09/2019 15:30,976,530,446
16/09/2019 15:45,977,530,447
16/09/2019 16:00,976,530,446
16/09/2019 16:15,977,530,447
16/09/2019 16:30,976,530,446
16/09/2019 16:45,976,530,446
16/09/2019 17:00,977,530,447
16/09/2019 17:15,977,530,447
16/09/2019 17:30,976,530,446
16/09/2019 17:45,977,530,447
16/09/2019 18:00,976,530,446
16/09/2019 18:15,977,530,447
16/09/2019 18:30,976,530,446
16/09/2019 18:45,977,530,447
16/09/2019 19:00,977,530,447
16/09/2019 19:15,976,530,446
16/09/2019 19:30,976,530,446
16/09/2019 19:45,976,530,446
16/09/2019 20:00,977,530,447
16/09/2019 20:15,976,530,446
16/09/2019 20:30,976,530,446
16/09/2019 20:45,976,530,446
16/09/2019 21:00,929,530,399
16/09/2019 21:15,861,530,331
16/09/2019 21:30,933,530,403
16/09/2019 21:45,976,530,446
16/09/2019 22:00,913,530,383
16/09/2019 22:15,852,530,322
16/09/2019 22:30,928,530,398
16/09/2019 22:45,976,530,446
16/09/2019 23:00,976,530,446
16/09/2019 23:15,976,530,446
16/09/2019 23:30,976,530,446
16/09/2019 23:45,976,530,446
17/09/2019 00:00,977,530,447
17/09/2019 00:15,976,530,446
17/09/2019 00:30,976,530,446
17/09/2019 00:45,976,530,446
17/09/2019 01:00,976,530,446
17/09/2019 01:15,976,530,446
17/09/2019 01:30,976,530,446
17/09/2019 01:45,976,530,446
17/09/2019 02:00,977,530,447
17/09/2019 02:15,976,530,446
17/09/2019 02:30,977,530,447
17/09/2019 02:45,977,530,447
17/09/2019 03:00,976,530,446
17/09/2019 03:15,977,530,447
17/09/2019 03:30,976,530,446
17/09/2019 03:45,977,530,447
17/09/2019 04:00,977,530,447
17/09/2019 04:15,976,530,446
17/09/2019 04:30,977,530,447
17/09/2019 04:45,977,530,447
17/09/2019 05:00,976,530,446
17/09/2019 05:15,976,530,446
17/09/2019 05:30,977,530,447
17/09/2019 05:45,927,481,446
17/09/2019 06:00,852,406,446
17/09/2019 06:15,777,331,446
17/09/2019 06:30,731,285,446
17/09/2019 06:45,787,340,447
17/09/2019 07:00,861,415,446
17/09/2019 07:15,937,490,447
17/09/2019 07:30,976,530,446
17/09/2019 07:45,976,530,446
17/09/2019 08:00,976,530,446
17/09/2019 08:15,977,530,447
17/09/2019 08:30,976,530,446
17/09/2019 08:45,976,530,446
17/09/2019 09:00,977,530,447
17/09/2019 09:15,976,530,446
17/09/2019 09:30,976,530,446
17/09/2019 09:45,976,530,446
17/09/2019 10:00,976,530,446
17/09/2019 10:15,976,530,446
17/09/2019 10:30,976,530,446
17/09/2019 10:45,976,530,446
17/09/2019 11:00,976,530,446
17/09/2019 11:15,976,530,446
17/09/2019 11:30,976,530,446
17/09/2019 11:45,976,530,446
17/09/2019 12:00,976,530,446
17/09/2019 12:15,977,530,447
17/09/2019 12:30,976,530,446
17/09/2019 12:45,976,530,446
17/09/2019 13:00,976,530,446
17/09/2019 13:15,977,530,447
17/09/2019 13:30,976,530,446
17/09/2019 13:45,976,530,446
17/09/2019 14:00,976,530,446
17/09/2019 14:15,976,530,446
17/09/2019 14:30,976,530,446
17/09/2019 14:45,976,530,446
17/09/2019 15:00,976,530,446
17/09/2019 15:15,977,530,447
17/09/2019 15:30,976,530,446
17/09/2019 15:45,977,530,447
17/09/2019 16:00,976,530,446
17/09/2019 16:15,977,530,447
17/09/2019 16:30,976,530,446
17/09/2019 16:45,976,530,446
17/09/2019 17:00,976,530,446
17/09/2019 17:15,977,530,447
17/09/2019 17:30,976,530,446
17/09/2019 17:45,976,530,446
17/09/2019 18:00,976,530,446
17/09/2019 18:15,976,530,446
17/09/2019 18:30,976,530,446
17/09/2019 18:45,976,530,446
17/09/2019 19:00,976,530,446
17/09/2019 19:15,976,530,446
17/09/2019 19:30,968,530,438
17/09/2019 19:45,968,530,438
17/09/2019 20:00,977,530,447
17/09/2019 20:15,976,530,446
17/09/2019 20:30,976,530,446
17/09/2019 20:45,975,530,445
17/09/2019 21:00,976,530,446
17/09/2019 21:15,976,530,446
17/09/2019 21:30,976,530,446
17/09/2019 21:45,977,530,447
17/09/2019 22:00,977,530,447
17/09/2019 22:15,977,530,447
17/09/2019 22:30,976,530,446
17/09/2019 22:45,976,530,446
17/09/2019 23:00,976,530,446
17/09/2019 23:15,908,499,409
17/09/2019 23:30,947,503,444
17/09/2019 23:45,945,499,446
18/09/2019 00:00,975,529,446
18/09/2019 00:15,977,530,447
18/09/2019 00:30,976,530,446
18/09/2019 00:45,977,530,447
18/09/2019 01:00,977,530,447
18/09/2019 01:15,976,530,446
18/09/2019 01:30,976,530,446
18/09/2019 01:45,941,495,446
18/09/2019 02:00,905,459,446
18/09/2019 02:15,860,414,446
18/09/2019 02:30,863,416,447
18/09/2019 02:45,853,407,446
18/09/2019 03:00,873,427,446
18/09/2019 03:15,895,448,447
18/09/2019 03:30,891,444,447
18/09/2019 03:45,886,440,446
18/09/2019 04:00,886,440,446
18/09/2019 04:15,883,437,446
18/09/2019 04:30,895,449,446
18/09/2019 04:45,911,464,447
18/09/2019 05:00,897,451,446
18/09/2019 05:15,881,435,446
18/09/2019 05:30,898,452,446
18/09/2019 05:45,795,403,392
18/09/2019 06:00,647,328,319
18/09/2019 06:15,498,253,245
18/09/2019 06:30,381,199,182
18/09/2019 06:45,499,274,225
18/09/2019 07:00,650,349,301
18/09/2019 07:15,797,424,373
18/09/2019 07:30,944,499,445
18/09/2019 07:45,976,530,446
18/09/2019 08:00,976,530,446
18/09/2019 08:15,977,530,447
18/09/2019 08:30,976,530,446
18/09/2019 08:45,976,530,446
18/09/2019 09:00,976,530,446
18/09/2019 09:15,976,529,447
18/09/2019 09:30,976,530,446
18/09/2019 09:45,976,530,446
18/09/2019 10:00,976,530,446
18/09/2019 10:15,976,530,446
18/09/2019 10:30,976,530,446
18/09/2019 10:45,976,530,446
18/09/2019 11:00,976,530,446
18/09/2019 11:15,976,530,446
18/09/2019 11:30,976,530,446
18/09/2019 11:45,976,530,446
18/09/2019 12:00,976,530,446
18/09/2019 12:15,977,530,447
18/09/2019 12:30,976,530,446
18/09/2019 12:45,976,530,446
18/09/2019 13:00,976,530,446
18/09/2019 13:15,976,530,446
18/09/2019 13:30,976,530,446
18/09/2019 13:45,977,530,447
18/09/2019 14:00,976,530,446
18/09/2019 14:15,976,530,446
18/09/2019 14:30,976,530,446
18/09/2019 14:45,976,530,446
18/09/2019 15:00,976,530,446
18/09/2019 15:15,976,530,446
18/09/2019 15:30,976,530,446
18/09/2019 15:45,977,530,447
18/09/2019 16:00,976,530,446
18/09/2019 16:15,977,530,447
18/09/2019 16:30,977,530,447
18/09/2019 16:45,977,530,447
18/09/2019 17:00,976,530,446
18/09/2019 17:15,976,530,446
18/09/2019 17:30,976,530,446
18/09/2019 17:45,975,530,445
18/09/2019 18:00,977,530,447
18/09/2019 18:15,976,530,446
18/09/2019 18:30,976,530,446
18/09/2019 18:45,976,530,446
18/09/2019 19:00,976,530,446
18/09/2019 19:15,976,530,446
18/09/2019 19:30,976,530,446
18/09/2019 19:45,976,530,446
18/09/2019 20:00,977,530,447
18/09/2019 20:15,976,530,446
18/09/2019 20:30,976,530,446
18/09/2019 20:45,977,530,447
18/09/2019 21:00,976,530,446
18/09/2019 21:15,977,530,447
18/09/2019 21:30,976,530,446
18/09/2019 21:45,976,530,446
18/09/2019 22:00,977,530,447
18/09/2019 22:15,976,530,446
18/09/2019 22:30,976,530,446
18/09/2019 22:45,976,530,446
18/09/2019 23:00,976,530,446
18/09/2019 23:15,976,530,446
18/09/2019 23:30,976,530,446
18/09/2019 23:45,950,530,420
19/09/2019 00:00,976,530,446
19/09/2019 00:15,977,530,447
19/09/2019 00:30,976,530,446
19/09/2019 00:45,977,530,447
19/09/2019 01:00,976,530,446
19/09/2019 01:15,976,530,446
19/09/2019 01:30,976,530,446
19/09/2019 01:45,967,530,437
19/09/2019 02:00,973,530,443
19/09/2019 02:15,976,530,446
19/09/2019 02:30,970,530,440
19/09/2019 02:45,939,499,440
19/09/2019 03:00,820,424,396
19/09/2019 03:15,791,349,442
19/09/2019 03:30,800,358,442
19/09/2019 03:45,804,370,434
19/09/2019 04:00,709,295,414
19/09/2019 04:15,584,220,364
19/09/2019 04:30,663,225,438
19/09/2019 04:45,648,208,440
19/09/2019 05:00,500,133,367
19/09/2019 05:15,351,58,293
19/09/2019 05:30,335,20,315
19/09/2019 05:45,406,95,311
19/09/2019 06:00,270,33,237
19/09/2019 06:15,163,0,163
19/09/2019 06:30,189,39,150
19/09/2019 06:45,335,114,221
19/09/2019 07:00,484,189,295
19/09/2019 07:15,635,264,371
19/09/2019 07:30,785,339,446
19/09/2019 07:45,819,374,445
19/09/2019 08:00,895,449,446
19/09/2019 08:15,969,524,445
19/09/2019 08:30,977,530,447
19/09/2019 08:45,976,530,446
19/09/2019 09:00,976,530,446
19/09/2019 09:15,976,530,446
19/09/2019 09:30,977,530,447
19/09/2019 09:45,977,530,447
19/09/2019 10:00,976,530,446
19/09/2019 10:15,977,530,447
19/09/2019 10:30,976,530,446
19/09/2019 10:45,976,530,446
19/09/2019 11:00,976,530,446
19/09/2019 11:15,976,530,446
19/09/2019 11:30,976,530,446
19/09/2019 11:45,976,530,446
19/09/2019 12:00,976,530,446
19/09/2019 12:15,976,530,446
19/09/2019 12:30,977,530,447
19/09/2019 12:45,976,530,446
19/09/2019 13:00,976,530,446
19/09/2019 13:15,976,530,446
19/09/2019 13:30,976,530,446
19/09/2019 13:45,976,530,446
19/09/2019 14:00,976,530,446
19/09/2019 14:15,976,530,446
19/09/2019 14:30,976,530,446
19/09/2019 14:45,976,530,446
19/09/2019 15:00,976,530,446
19/09/2019 15:15,976,530,446
19/09/2019 15:30,977,530,447
19/09/2019 15:45,976,530,446
19/09/2019 16:00,976,530,446
19/09/2019 16:15,976,530,446
19/09/2019 16:30,977,530,447
19/09/2019 16:45,977,530,447
19/09/2019 17:00,976,530,446
19/09/2019 17:15,975,529,446
19/09/2019 17:30,976,530,446
19/09/2019 17:45,939,493,446
19/09/2019 18:00,864,418,446
19/09/2019 18:15,788,343,445
19/09/2019 18:30,767,327,440
19/09/2019 18:45,752,310,442
19/09/2019 19:00,671,235,436
19/09/2019 19:15,581,160,421
19/09/2019 19:30,509,94,415
19/09/2019 19:45,574,169,405
19/09/2019 20:00,664,244,420
19/09/2019 20:15,759,319,440
19/09/2019 20:30,838,394,444
19/09/2019 20:45,915,469,446
19/09/2019 21:00,875,429,446
19/09/2019 21:15,748,354,394
19/09/2019 21:30,796,381,415
19/09/2019 21:45,797,381,416
19/09/2019 22:00,685,306,379
19/09/2019 22:15,573,231,342
19/09/2019 22:30,516,164,352
19/09/2019 22:45,598,239,359
19/09/2019 23:00,589,230,359
19/09/2019 23:15,445,155,290
19/09/2019 23:30,453,147,306
19/09/2019 23:45,503,150,353
20/09/2019 00:00,352,75,277
20/09/2019 00:15,215,0,215
20/09/2019 00:30,193,0,193
20/09/2019 00:45,144,0,144
20/09/2019 01:00,147,0,147
20/09/2019 01:15,146,0,146
20/09/2019 01:30,104,0,104
20/09/2019 01:45,83,0,83
20/09/2019 02:00,17,0,17
20/09/2019 02:15,-27,0,-27
20/09/2019 02:30,-25,0,-25
20/09/2019 02:45,-23,0,-23
20/09/2019 03:00,-81,0,-81
20/09/2019 03:15,-145,0,-145
20/09/2019 03:30,-136,0,-136
20/09/2019 03:45,-146,0,-146
20/09/2019 04:00,-161,0,-161
20/09/2019 04:15,-236,-74,-162
20/09/2019 04:30,-312,-149,-163
20/09/2019 04:45,-312,-224,-88
20/09/2019 05:00,-435,-299,-136
20/09/2019 05:15,-536,-374,-162
20/09/2019 05:30,-611,-449,-162
20/09/2019 05:45,-577,-415,-162
20/09/2019 06:00,-502,-340,-162
20/09/2019 06:15,-427,-265,-162
20/09/2019 06:30,-383,-221,-162
20/09/2019 06:45,-290,-200,-90
20/09/2019 07:00,-144,-125,-19
20/09/2019 07:15,36,-50,86
20/09/2019 07:30,121,0,121
20/09/2019 07:45,154,0,154
20/09/2019 08:00,228,0,228
20/09/2019 08:15,375,74,301
20/09/2019 08:30,524,149,375
20/09/2019 08:45,620,190,430
20/09/2019 09:00,551,130,421
20/09/2019 09:15,476,55,421
20/09/2019 09:30,547,117,430
20/09/2019 09:45,466,76,390
20/09/2019 10:00,316,1,315
20/09/2019 10:15,235,-8,243
20/09/2019 10:30,166,-1,167
20/09/2019 10:45,45,-49,94
20/09/2019 11:00,-106,-124,18
20/09/2019 11:15,-136,-199,63
20/09/2019 11:30,-210,-274,64
20/09/2019 11:45,-179,-227,48
20/09/2019 12:00,-137,-153,16
20/09/2019 12:15,-184,-96,-88
20/09/2019 12:30,-289,-126,-163
20/09/2019 12:45,-288,-201,-87
20/09/2019 13:00,-416,-276,-140
20/09/2019 13:15,-513,-351,-162
20/09/2019 13:30,-588,-426,-162
20/09/2019 13:45,-662,-500,-162
20/09/2019 14:00,-662,-500,-162
20/09/2019 14:15,-643,-481,-162
20/09/2019 14:30,-661,-499,-162
20/09/2019 14:45,-662,-500,-162
20/09/2019 15:00,-662,-500,-162
20/09/2019 15:15,-662,-500,-162
20/09/2019 15:30,-662,-500,-162
20/09/2019 15:45,-662,-500,-162
20/09/2019 16:00,-663,-500,-163
20/09/2019 16:15,-664,-500,-164
20/09/2019 16:30,-664,-500,-164
20/09/2019 16:45,-664,-500,-164
20/09/2019 17:00,-664,-500,-164
20/09/2019 17:15,-664,-500,-164
20/09/2019 17:30,-664,-500,-164
20/09/2019 17:45,-663,-500,-163
20/09/2019 18:00,-663,-500,-163
20/09/2019 18:15,-663,-500,-163
20/09/2019 18:30,-662,-500,-162
20/09/2019 18:45,-662,-500,-162
20/09/2019 19:00,-663,-500,-163
20/09/2019 19:15,-662,-500,-162
20/09/2019 19:30,-662,-500,-162
20/09/2019 19:45,-662,-500,-162
20/09/2019 20:00,-662,-500,-162
20/09/2019 20:15,-662,-500,-162
20/09/2019 20:30,-662,-500,-162
20/09/2019 20:45,-662,-500,-162
20/09/2019 21:00,-649,-487,-162
20/09/2019 21:15,-574,-412,-162
20/09/2019 21:30,-499,-337,-162
20/09/2019 21:45,-466,-319,-147
20/09/2019 22:00,-555,-394,-161
20/09/2019 22:15,-631,-469,-162
20/09/2019 22:30,-662,-500,-162
20/09/2019 22:45,-662,-500,-162
20/09/2019 23:00,-626,-500,-126
20/09/2019 23:15,-626,-500,-126
20/09/2019 23:30,-626,-500,-126
20/09/2019 23:45,-627,-500,-127
21/09/2019 00:00,-627,-500,-127
21/09/2019 00:15,-627,-500,-127
21/09/2019 00:30,-627,-500,-127
21/09/2019 00:45,-627,-500,-127
21/09/2019 01:00,-627,-500,-127
21/09/2019 01:15,-627,-500,-127
21/09/2019 01:30,-627,-500,-127
21/09/2019 01:45,-627,-500,-127
21/09/2019 02:00,-627,-500,-127
21/09/2019 02:15,-626,-500,-126
21/09/2019 02:30,-627,-500,-127
21/09/2019 02:45,-627,-500,-127
21/09/2019 03:00,-626,-500,-126
21/09/2019 03:15,-627,-500,-127
21/09/2019 03:30,-627,-500,-127
21/09/2019 03:45,-627,-500,-127
21/09/2019 04:00,-627,-500,-127
21/09/2019 04:15,-627,-500,-127
21/09/2019 04:30,-627,-500,-127
21/09/2019 04:45,-627,-500,-127
21/09/2019 05:00,-627,-500,-127
21/09/2019 05:15,-627,-500,-127
21/09/2019 05:30,-627,-500,-127
21/09/2019 05:45,-627,-500,-127
21/09/2019 06:00,-627,-500,-127
21/09/2019 06:15,-627,-500,-127
21/09/2019 06:30,-627,-500,-127
21/09/2019 06:45,-627,-500,-127
21/09/2019 07:00,-627,-500,-127
21/09/2019 07:15,-627,-500,-127
21/09/2019 07:30,-627,-500,-127
21/09/2019 07:45,-627,-500,-127
21/09/2019 08:00,-626,-500,-126
21/09/2019 08:15,-625,-500,-125
21/09/2019 08:30,-623,-500,-123
21/09/2019 08:45,-619,-500,-119
21/09/2019 09:00,-587,-500,-87
21/09/2019 09:15,-552,-500,-52
21/09/2019 09:30,-545,-500,-45
21/09/2019 09:45,-494,-468,-26
21/09/2019 10:00,-437,-393,-44
21/09/2019 10:15,-392,-318,-74
21/09/2019 10:30,-399,-317,-82
21/09/2019 10:45,-421,-343,-78
21/09/2019 11:00,-351,-268,-83
21/09/2019 11:15,-207,-193,-14
21/09/2019 11:30,-216,-201,-15
21/09/2019 11:45,-312,-273,-39
21/09/2019 12:00,-366,-348,-18
21/09/2019 12:15,-438,-423,-15
21/09/2019 12:30,-513,-498,-15
21/09/2019 12:45,-534,-496,-38
21/09/2019 13:00,-546,-499,-47
21/09/2019 13:15,-560,-500,-60
21/09/2019 13:30,-559,-500,-59
21/09/2019 13:45,-559,-500,-59
21/09/2019 14:00,-577,-500,-77
21/09/2019 14:15,-591,-500,-91
21/09/2019 14:30,-600,-500,-100
21/09/2019 14:45,-595,-500,-95
21/09/2019 15:00,-604,-500,-104
21/09/2019 15:15,-616,-500,-116
21/09/2019 15:30,-598,-500,-98
21/09/2019 15:45,-574,-500,-74
21/09/2019 16:00,-597,-500,-97
21/09/2019 16:15,-615,-500,-115
21/09/2019 16:30,-624,-500,-124
21/09/2019 16:45,-570,-480,-90
21/09/2019 17:00,-422,-405,-17
21/09/2019 17:15,-291,-330,39
21/09/2019 17:30,-228,-337,109
21/09/2019 17:45,-131,-272,141
21/09/2019 18:00,-98,-197,99
21/09/2019 18:15,-66,-122,56
21/09/2019 18:30,16,-47,63
21/09/2019 18:45,1,-55,56
21/09/2019 19:00,-32,-48,16
21/09/2019 19:15,-123,-38,-85
21/09/2019 19:30,-60,-39,-21
21/09/2019 19:45,-61,-46,-15
21/09/2019 20:00,-16,-1,-15
21/09/2019 20:15,88,0,88
21/09/2019 20:30,166,0,166
21/09/2019 20:45,243,0,243
21/09/2019 21:00,184,0,184
21/09/2019 21:15,79,-53,132
21/09/2019 21:30,203,-1,204
21/09/2019 21:45,289,11,278
21/09/2019 22:00,250,1,249
21/09/2019 22:15,176,0,176
21/09/2019 22:30,149,0,149
21/09/2019 22:45,169,0,169
21/09/2019 23:00,166,0,166
21/09/2019 23:15,227,0,227
21/09/2019 23:30,281,0,281
21/09/2019 23:45,305,0,305
22/09/2019 00:00,309,3,306
22/09/2019 00:15,383,78,305
22/09/2019 00:30,459,153,306
22/09/2019 00:45,508,202,306
22/09/2019 01:00,529,222,307
22/09/2019 01:15,549,243,306
22/09/2019 01:30,548,241,307
22/09/2019 01:45,543,237,306
22/09/2019 02:00,574,268,306
22/09/2019 02:15,619,313,306
22/09/2019 02:30,565,258,307
22/09/2019 02:45,599,293,306
22/09/2019 03:00,674,369,305
22/09/2019 03:15,749,444,305
22/09/2019 03:30,749,443,306
22/09/2019 03:45,722,417,305
22/09/2019 04:00,798,492,306
22/09/2019 04:15,835,530,305
22/09/2019 04:30,836,530,306
22/09/2019 04:45,836,530,306
22/09/2019 05:00,836,530,306
22/09/2019 05:15,836,530,306
22/09/2019 05:30,836,530,306
22/09/2019 05:45,836,530,306
22/09/2019 06:00,836,530,306
22/09/2019 06:15,836,530,306
22/09/2019 06:30,837,530,307
22/09/2019 06:45,835,530,305
22/09/2019 07:00,835,530,305
22/09/2019 07:15,836,530,306
22/09/2019 07:30,835,530,305
22/09/2019 07:45,816,515,301
22/09/2019 08:00,757,529,228
22/09/2019 08:15,763,530,233
22/09/2019 08:30,770,524,246
22/09/2019 08:45,698,449,249
22/09/2019 09:00,576,374,202
22/09/2019 09:15,463,299,164
22/09/2019 09:30,317,224,93
22/09/2019 09:45,346,200,146
22/09/2019 10:00,348,125,223
22/09/2019 10:15,343,50,293
22/09/2019 10:30,355,0,355
22/09/2019 10:45,308,0,308
22/09/2019 11:00,381,0,381
22/09/2019 11:15,520,74,446
22/09/2019 11:30,497,51,446
22/09/2019 11:45,434,0,434
22/09/2019 12:00,365,0,365
22/09/2019 12:15,287,0,287
22/09/2019 12:30,305,0,305
22/09/2019 12:45,354,0,354
22/09/2019 13:00,342,0,342
22/09/2019 13:15,267,0,267
22/09/2019 13:30,201,0,201
22/09/2019 13:45,202,0,202
22/09/2019 14:00,235,0,235
22/09/2019 14:15,271,0,271
22/09/2019 14:30,279,0,279
22/09/2019 14:45,273,0,273
22/09/2019 15:00,282,0,282
22/09/2019 15:15,295,0,295
22/09/2019 15:30,305,0,305
22/09/2019 15:45,312,0,312
22/09/2019 16:00,384,0,384
22/09/2019 16:15,358,0,358
22/09/2019 16:30,281,0,281
22/09/2019 16:45,151,-74,225
22/09/2019 17:00,296,-1,297
22/09/2019 17:15,402,29,373
22/09/2019 17:30,328,1,327
22/09/2019 17:45,277,0,277
22/09/2019 18:00,351,0,351
22/09/2019 18:15,426,0,426
22/09/2019 18:30,446,0,446
22/09/2019 18:45,427,0,427
22/09/2019 19:00,351,0,351
22/09/2019 19:15,294,0,294
22/09/2019 19:30,250,0,250
22/09/2019 19:45,317,0,317
22/09/2019 20:00,429,36,393
22/09/2019 20:15,557,111,446
22/09/2019 20:30,632,186,446
22/09/2019 20:45,682,236,446
22/09/2019 21:00,607,161,446
22/09/2019 21:15,549,102,447
22/09/2019 21:30,491,45,446
22/09/2019 21:45,564,118,446
22/09/2019 22:00,640,193,447
22/09/2019 22:15,678,267,411
22/09/2019 22:30,729,310,419
22/09/2019 22:45,712,285,427
22/09/2019 23:00,725,298,427
22/09/2019 23:15,649,289,360
22/09/2019 23:30,677,289,388
22/09/2019 23:45,735,289,446
23/09/2019 00:00,729,282,447
23/09/2019 00:15,661,257,404
23/09/2019 00:30,674,318,356
23/09/2019 00:45,621,265,356
23/09/2019 01:00,546,190,356
23/09/2019 01:15,470,115,355
23/09/2019 01:30,396,40,356
23/09/2019 01:45,430,75,355
23/09/2019 02:00,356,1,355
23/09/2019 02:15,355,0,355
23/09/2019 02:30,355,0,355
23/09/2019 02:45,350,0,350
23/09/2019 03:00,339,0,339
23/09/2019 03:15,265,0,265
23/09/2019 03:30,310,0,310
23/09/2019 03:45,277,0,277
23/09/2019 04:00,203,0,203
23/09/2019 04:15,126,0,126
23/09/2019 04:30,105,0,105
23/09/2019 04:45,92,0,92
23/09/2019 05:00,18,0,18
23/09/2019 05:15,-70,-1,-69
23/09/2019 05:30,-111,-1,-110
23/09/2019 05:45,-157,-48,-109
23/09/2019 06:00,-233,-123,-110
23/09/2019 06:15,-307,-198,-109
23/09/2019 06:30,-372,-263,-109
23/09/2019 06:45,-266,-213,-53
23/09/2019 07:00,-153,-138,-15
23/09/2019 07:15,25,-63,88
23/09/2019 07:30,148,0,148
23/09/2019 07:45,186,0,186
23/09/2019 08:00,258,0,258
23/09/2019 08:15,333,0,333
23/09/2019 08:30,380,0,380
23/09/2019 08:45,309,0,309
23/09/2019 09:00,235,0,235
23/09/2019 09:15,158,0,158
23/09/2019 09:30,84,0,84
23/09/2019 09:45,73,7,66
23/09/2019 10:00,18,1,17
23/09/2019 10:15,-140,-53,-87
23/09/2019 10:30,-153,-43,-110
23/09/2019 10:45,-137,-36,-101
23/09/2019 11:00,-187,-80,-107
23/09/2019 11:15,-243,-133,-110
23/09/2019 11:30,-235,-125,-110
23/09/2019 11:45,-240,-130,-110
23/09/2019 12:00,-211,-107,-104
23/09/2019 12:15,-189,-86,-103
23/09/2019 12:30,-145,-53,-92
23/09/2019 12:45,-73,-6,-67
23/09/2019 13:00,-157,-50,-107
23/09/2019 13:15,-223,-114,-109
23/09/2019 13:30,-149,-39,-110
23/09/2019 13:45,-142,-68,-74
23/09/2019 14:00,-194,-143,-51
23/09/2019 14:15,-238,-218,-20
23/09/2019 14:30,-279,-264,-15
23/09/2019 14:45,-183,-208,25
23/09/2019 15:00,-182,-201,19
23/09/2019 15:15,-251,-164,-87
23/09/2019 15:30,-349,-239,-110
23/09/2019 15:45,-222,-187,-35
23/09/2019 16:00,-193,-112,-81
23/09/2019 16:15,-147,-37,-110
23/09/2019 16:30,-169,-58,-111
23/09/2019 16:45,-167,-76,-91
23/09/2019 17:00,-17,-1,-16
23/09/2019 17:15,73,26,47
23/09/2019 17:30,19,1,18
23/09/2019 17:45,-53,-70,17
23/09/2019 18:00,-41,-67,26
23/09/2019 18:15,15,-85,100
23/09/2019 18:30,-25,-84,59
23/09/2019 18:45,-66,-97,31
23/09/2019 19:00,32,-22,54
23/09/2019 19:15,126,0,126
23/09/2019 19:30,200,0,200
23/09/2019 19:45,271,0,271
23/09/2019 20:00,257,0,257
23/09/2019 20:15,225,0,225
23/09/2019 20:30,295,0,295
23/09/2019 20:45,368,0,368
23/09/2019 21:00,404,0,404
23/09/2019 21:15,339,0,339
23/09/2019 21:30,413,0,413
23/09/2019 21:45,513,74,439
23/09/2019 22:00,518,149,369
23/09/2019 22:15,500,208,292
23/09/2019 22:30,611,262,349
23/09/2019 22:45,737,316,421
23/09/2019 23:00,815,369,446
23/09/2019 23:15,671,296,375
23/09/2019 23:30,522,221,301
23/09/2019 23:45,376,146,230
24/09/2019 00:00,226,71,155
24/09/2019 00:15,79,0,79
24/09/2019 00:30,16,0,16
24/09/2019 00:45,69,0,69
24/09/2019 01:00,202,60,142
24/09/2019 01:15,353,122,231
24/09/2019 01:30,277,47,230
24/09/2019 01:45,246,0,246
24/09/2019 02:00,320,0,320
24/09/2019 02:15,387,72,315
24/09/2019 02:30,385,86,299
24/09/2019 02:45,376,96,280
24/09/2019 03:00,368,114,254
24/09/2019 03:15,386,134,252
24/09/2019 03:30,421,168,253
24/09/2019 03:45,366,138,228
24/09/2019 04:00,264,63,201
24/09/2019 04:15,126,0,126
24/09/2019 04:30,107,0,107
24/09/2019 04:45,92,0,92
24/09/2019 05:00,18,0,18
24/09/2019 05:15,-98,-11,-87
24/09/2019 05:30,-133,-11,-122
24/09/2019 05:45,-205,-83,-122
24/09/2019 06:00,-310,-158,-152
24/09/2019 06:15,-387,-233,-154
24/09/2019 06:30,-463,-308,-155
24/09/2019 06:45,-334,-242,-92
24/09/2019 07:00,-183,-167,-16
24/09/2019 07:15,-62,-92,30
24/09/2019 07:30,1,-17,18
24/09/2019 07:45,66,-25,91
24/09/2019 08:00,167,-1,168
24/09/2019 08:15,317,74,243
24/09/2019 08:30,368,51,317
24/09/2019 08:45,391,0,391
24/09/2019 09:00,445,0,445
24/09/2019 09:15,432,0,432
24/09/2019 09:30,416,0,416
24/09/2019 09:45,397,0,397
24/09/2019 10:00,323,0,323
24/09/2019 10:15,247,0,247
24/09/2019 10:30,270,0,270
24/09/2019 10:45,297,0,297
24/09/2019 11:00,222,0,222
24/09/2019 11:15,292,0,292
24/09/2019 11:30,363,0,363
24/09/2019 11:45,378,0,378
24/09/2019 12:00,397,0,397
24/09/2019 12:15,422,0,422
24/09/2019 12:30,443,0,443
24/09/2019 12:45,446,0,446
24/09/2019 13:00,403,0,403
24/09/2019 13:15,330,0,330
24/09/2019 13:30,404,0,404
24/09/2019 13:45,468,22,446
24/09/2019 14:00,543,97,446
24/09/2019 14:15,619,172,447
24/09/2019 14:30,612,165,447
24/09/2019 14:45,592,146,446
24/09/2019 15:00,667,221,446
24/09/2019 15:15,742,296,446
24/09/2019 15:30,692,245,447
24/09/2019 15:45,632,186,446
24/09/2019 16:00,708,261,447
24/09/2019 16:15,782,336,446
24/09/2019 16:30,717,276,441
24/09/2019 16:45,658,218,440
24/09/2019 17:00,740,293,447
24/09/2019 17:15,814,368,446
24/09/2019 17:30,763,317,446
24/09/2019 17:45,691,244,447
24/09/2019 18:00,690,243,447
24/09/2019 18:15,763,317,446
24/09/2019 18:30,719,273,446
24/09/2019 18:45,694,249,445
24/09/2019 19:00,710,264,446
24/09/2019 19:15,742,296,446
24/09/2019 19:30,667,221,446
24/09/2019 19:45,691,245,446
24/09/2019 20:00,767,320,447
24/09/2019 20:15,840,394,446
24/09/2019 20:30,915,469,446
24/09/2019 20:45,942,495,447
24/09/2019 21:00,867,420,447
24/09/2019 21:15,769,345,424
24/09/2019 21:30,780,338,442
24/09/2019 21:45,730,283,447
24/09/2019 22:00,582,208,374
24/09/2019 22:15,436,133,303
24/09/2019 22:30,426,58,368
24/09/2019 22:45,489,46,443
24/09/2019 23:00,464,17,447
24/09/2019 23:15,400,0,400
24/09/2019 23:30,333,0,333
24/09/2019 23:45,335,0,335
25/09/2019 00:00,348,0,348
25/09/2019 00:15,347,0,347
25/09/2019 00:30,348,0,348
25/09/2019 00:45,399,74,325
25/09/2019 01:00,296,2,294
25/09/2019 01:15,223,0,223
25/09/2019 01:30,145,0,145
25/09/2019 01:45,135,0,135
25/09/2019 02:00,60,0,60
25/09/2019 02:15,16,0,16
25/09/2019 02:30,61,0,61
25/09/2019 02:45,91,0,91
25/09/2019 03:00,17,0,17
25/09/2019 03:15,-23,0,-23
25/09/2019 03:30,-22,0,-22
25/09/2019 03:45,-23,0,-23
25/09/2019 04:00,-29,0,-29
25/09/2019 04:15,-19,0,-19
25/09/2019 04:30,-55,0,-55
25/09/2019 04:45,-93,0,-93
25/09/2019 05:00,-97,0,-97
25/09/2019 05:15,-109,0,-109
25/09/2019 05:30,-93,0,-93
25/09/2019 05:45,-73,0,-73
25/09/2019 06:00,-105,0,-105
25/09/2019 06:15,-211,-74,-137
25/09/2019 06:30,-314,-149,-165
25/09/2019 06:45,-167,-76,-91
25/09/2019 07:00,-19,-1,-18
25/09/2019 07:15,122,34,88
25/09/2019 07:30,197,30,167
25/09/2019 07:45,345,104,241
25/09/2019 08:00,494,179,315
25/09/2019 08:15,644,254,390
25/09/2019 08:30,773,329,444
25/09/2019 08:45,799,353,446
25/09/2019 09:00,873,428,445
25/09/2019 09:15,949,503,446
25/09/2019 09:30,976,530,446
25/09/2019 09:45,976,530,446
25/09/2019 10:00,976,530,446
25/09/2019 10:15,976,530,446
25/09/2019 10:30,976,530,446
25/09/2019 10:45,947,501,446
25/09/2019 11:00,872,426,446
25/09/2019 11:15,727,351,376
25/09/2019 11:30,644,335,309
25/09/2019 11:45,746,368,378
25/09/2019 12:00,684,344,340
25/09/2019 12:15,611,301,310
25/09/2019 12:30,698,376,322
25/09/2019 12:45,639,325,314
25/09/2019 13:00,533,250,283
25/09/2019 13:15,418,175,243
25/09/2019 13:30,403,142,261
25/09/2019 13:45,495,206,289
25/09/2019 14:00,521,281,240
25/09/2019 14:15,543,356,187
25/09/2019 14:30,620,431,189
25/09/2019 14:45,573,415,158
25/09/2019 15:00,573,340,233
25/09/2019 15:15,491,265,226
25/09/2019 15:30,372,226,146
25/09/2019 15:45,279,202,77
25/09/2019 16:00,213,127,86
25/09/2019 16:15,211,52,159
25/09/2019 16:30,191,0,191
25/09/2019 16:45,178,0,178
25/09/2019 17:00,155,0,155
25/09/2019 17:15,159,28,131
25/09/2019 17:30,83,28,55
25/09/2019 17:45,45,28,17
25/09/2019 18:00,18,1,17
25/09/2019 18:15,-110,-22,-88
25/09/2019 18:30,-209,-40,-169
25/09/2019 18:45,-296,-54,-242
25/09/2019 19:00,-391,-99,-292
25/09/2019 19:15,-369,-143,-226
25/09/2019 19:30,-341,-162,-179
25/09/2019 19:45,-302,-189,-113
25/09/2019 20:00,-345,-202,-143
25/09/2019 20:15,-423,-240,-183
25/09/2019 20:30,-271,-165,-106
25/09/2019 20:45,-269,-199,-70
25/09/2019 21:00,-419,-274,-145
25/09/2019 21:15,-569,-349,-220
25/09/2019 21:30,-580,-394,-186
25/09/2019 21:45,-493,-366,-127
25/09/2019 22:00,-643,-441,-202
25/09/2019 22:15,-757,-500,-257
25/09/2019 22:30,-792,-500,-292
25/09/2019 22:45,-774,-500,-274
25/09/2019 23:00,-698,-500,-198
25/09/2019 23:15,-693,-500,-193
25/09/2019 23:30,-693,-500,-193
25/09/2019 23:45,-693,-500,-193
26/09/2019 00:00,-693,-500,-193
26/09/2019 00:15,-649,-456,-193
26/09/2019 00:30,-576,-383,-193
26/09/2019 00:45,-628,-435,-193
26/09/2019 01:00,-692,-499,-193
26/09/2019 01:15,-693,-500,-193
26/09/2019 01:30,-694,-500,-194
26/09/2019 01:45,-693,-500,-193
26/09/2019 02:00,-693,-500,-193
26/09/2019 02:15,-693,-500,-193
26/09/2019 02:30,-693,-500,-193
26/09/2019 02:45,-693,-500,-193
26/09/2019 03:00,-693,-500,-193
26/09/2019 03:15,-693,-500,-193
26/09/2019 03:30,-693,-500,-193
26/09/2019 03:45,-693,-500,-193
26/09/2019 04:00,-693,-500,-193
26/09/2019 04:15,-693,-500,-193
26/09/2019 04:30,-693,-500,-193
26/09/2019 04:45,-693,-500,-193
26/09/2019 05:00,-694,-500,-194
26/09/2019 05:15,-694,-500,-194
26/09/2019 05:30,-693,-500,-193
26/09/2019 05:45,-693,-500,-193
26/09/2019 06:00,-688,-500,-188
26/09/2019 06:15,-693,-500,-193
26/09/2019 06:30,-694,-500,-194
26/09/2019 06:45,-685,-500,-185
26/09/2019 07:00,-692,-500,-192
26/09/2019 07:15,-694,-500,-194
26/09/2019 07:30,-693,-500,-193
26/09/2019 07:45,-644,-451,-193
26/09/2019 08:00,-570,-376,-194
26/09/2019 08:15,-495,-301,-194
26/09/2019 08:30,-419,-226,-193
26/09/2019 08:45,-450,-257,-193
26/09/2019 09:00,-460,-267,-193
26/09/2019 09:15,-481,-288,-193
26/09/2019 09:30,-427,-234,-193
26/09/2019 09:45,-478,-285,-193
26/09/2019 10:00,-553,-360,-193
26/09/2019 10:15,-591,-435,-156
26/09/2019 10:30,-645,-500,-145
26/09/2019 10:45,-634,-500,-134
26/09/2019 11:00,-648,-500,-148
26/09/2019 11:15,-693,-500,-193
26/09/2019 11:30,-693,-500,-193
26/09/2019 11:45,-693,-500,-193
26/09/2019 12:00,-693,-500,-193
26/09/2019 12:15,-693,-500,-193
26/09/2019 12:30,-684,-491,-193
26/09/2019 12:45,-609,-416,-193
26/09/2019 13:00,-665,-471,-194
26/09/2019 13:15,-694,-500,-194
26/09/2019 13:30,-693,-500,-193
26/09/2019 13:45,-693,-500,-193
26/09/2019 14:00,-693,-500,-193
26/09/2019 14:15,-693,-500,-193
26/09/2019 14:30,-693,-500,-193
26/09/2019 14:45,-693,-500,-193
26/09/2019 15:00,-693,-500,-193
26/09/2019 15:15,-693,-500,-193
26/09/2019 15:30,-693,-500,-193
26/09/2019 15:45,-693,-500,-193
26/09/2019 16:00,-693,-500,-193
26/09/2019 16:15,-693,-500,-193
26/09/2019 16:30,-672,-500,-172
26/09/2019 16:45,-690,-500,-190
26/09/2019 17:00,-678,-500,-178
26/09/2019 17:15,-679,-500,-179
26/09/2019 17:30,-692,-500,-192
26/09/2019 17:45,-693,-500,-193
26/09/2019 18:00,-684,-500,-184
26/09/2019 18:15,-693,-500,-193
26/09/2019 18:30,-694,-500,-194
26/09/2019 18:45,-693,-500,-193
26/09/2019 19:00,-670,-500,-170
26/09/2019 19:15,-546,-449,-97
26/09/2019 19:30,-498,-465,-33
26/09/2019 19:45,-373,-404,31
26/09/2019 20:00,-298,-329,31
26/09/2019 20:15,-361,-254,-107
26/09/2019 20:30,-252,-179,-73
26/09/2019 20:45,-243,-200,-43
26/09/2019 21:00,-394,-275,-119
26/09/2019 21:15,-535,-350,-185
26/09/2019 21:30,-528,-335,-193
26/09/2019 21:45,-436,-319,-117
26/09/2019 22:00,-581,-394,-187
26/09/2019 22:15,-662,-469,-193
26/09/2019 22:30,-693,-500,-193
26/09/2019 22:45,-636,-500,-136
26/09/2019 23:00,-608,-500,-108
26/09/2019 23:15,-681,-500,-181
26/09/2019 23:30,-704,-500,-204
26/09/2019 23:45,-703,-500,-203
27/09/2019 00:00,-654,-450,-204
27/09/2019 00:15,-579,-375,-204
27/09/2019 00:30,-503,-300,-203
27/09/2019 00:45,-449,-245,-204
27/09/2019 01:00,-524,-320,-204
27/09/2019 01:15,-598,-395,-203
27/09/2019 01:30,-607,-403,-204
27/09/2019 01:45,-603,-399,-204
27/09/2019 02:00,-677,-474,-203
27/09/2019 02:15,-703,-499,-204
27/09/2019 02:30,-702,-499,-203
27/09/2019 02:45,-704,-500,-204
27/09/2019 03:00,-702,-500,-202
27/09/2019 03:15,-703,-500,-203
27/09/2019 03:30,-704,-500,-204
27/09/2019 03:45,-704,-500,-204
27/09/2019 04:00,-704,-500,-204
27/09/2019 04:15,-704,-500,-204
27/09/2019 04:30,-704,-500,-204
27/09/2019 04:45,-704,-500,-204
27/09/2019 05:00,-704,-500,-204
27/09/2019 05:15,-704,-500,-204
27/09/2019 05:30,-704,-500,-204
27/09/2019 05:45,-704,-500,-204
27/09/2019 06:00,-704,-500,-204
27/09/2019 06:15,-704,-500,-204
27/09/2019 06:30,-702,-500,-202
27/09/2019 06:45,-703,-500,-203
27/09/2019 07:00,-702,-500,-202
27/09/2019 07:15,-700,-496,-204
27/09/2019 07:30,-676,-473,-203
27/09/2019 07:45,-586,-398,-188
27/09/2019 08:00,-434,-323,-111
27/09/2019 08:15,-283,-248,-35
27/09/2019 08:30,-220,-205,-15
27/09/2019 08:45,-167,-184,17
27/09/2019 09:00,-92,-109,17
27/09/2019 09:15,-123,-34,-89
27/09/2019 09:30,-170,0,-170
27/09/2019 09:45,-203,0,-203
27/09/2019 10:00,-259,-56,-203
27/09/2019 10:15,-334,-131,-203
27/09/2019 10:30,-278,-147,-131
27/09/2019 10:45,-214,-120,-94
27/09/2019 11:00,-250,-80,-170
27/09/2019 11:15,-231,-28,-203
27/09/2019 11:30,-247,-43,-204
27/09/2019 11:45,-241,-38,-203
27/09/2019 12:00,-296,-92,-204
27/09/2019 12:15,-371,-167,-204
27/09/2019 12:30,-310,-107,-203
27/09/2019 12:45,-351,-147,-204
27/09/2019 13:00,-425,-222,-203
27/09/2019 13:15,-501,-297,-204
27/09/2019 13:30,-528,-325,-203
27/09/2019 13:45,-492,-288,-204
27/09/2019 14:00,-531,-328,-203
27/09/2019 14:15,-606,-402,-204
27/09/2019 14:30,-626,-422,-204
27/09/2019 14:45,-607,-404,-203
27/09/2019 15:00,-595,-392,-203
27/09/2019 15:15,-583,-379,-204
27/09/2019 15:30,-577,-373,-204
27/09/2019 15:45,-576,-374,-202
27/09/2019 16:00,-502,-299,-203
27/09/2019 16:15,-427,-224,-203
27/09/2019 16:30,-502,-298,-204
27/09/2019 16:45,-547,-344,-203
27/09/2019 17:00,-472,-269,-203
27/09/2019 17:15,-397,-194,-203
27/09/2019 17:30,-429,-226,-203
27/09/2019 17:45,-502,-299,-203
27/09/2019 18:00,-529,-326,-203
27/09/2019 18:15,-508,-305,-203
27/09/2019 18:30,-526,-323,-203
27/09/2019 18:45,-458,-254,-204
27/09/2019 19:00,-383,-179,-204
27/09/2019 19:15,-307,-104,-203
27/09/2019 19:30,-233,-29,-204
27/09/2019 19:45,-245,-41,-204
27/09/2019 20:00,-320,-116,-204
27/09/2019 20:15,-394,-191,-203
27/09/2019 20:30,-351,-222,-129
27/09/2019 20:45,-311,-257,-54
27/09/2019 21:00,-456,-332,-124
27/09/2019 21:15,-607,-407,-200
27/09/2019 21:30,-685,-482,-203
27/09/2019 21:45,-620,-416,-204
27/09/2019 22:00,-694,-491,-203
27/09/2019 22:15,-703,-500,-203
27/09/2019 22:30,-703,-500,-203
27/09/2019 22:45,-703,-500,-203
27/09/2019 23:00,-703,-500,-203
27/09/2019 23:15,-730,-453,-277
27/09/2019 23:30,-805,-499,-306
27/09/2019 23:45,-794,-488,-306
28/09/2019 00:00,-719,-413,-306
28/09/2019 00:15,-657,-351,-306
28/09/2019 00:30,-583,-276,-307
28/09/2019 00:45,-654,-348,-306
28/09/2019 01:00,-729,-423,-306
28/09/2019 01:15,-805,-498,-307
28/09/2019 01:30,-806,-500,-306
28/09/2019 01:45,-806,-500,-306
28/09/2019 02:00,-806,-500,-306
28/09/2019 02:15,-806,-500,-306
28/09/2019 02:30,-805,-500,-305
28/09/2019 02:45,-805,-500,-305
28/09/2019 03:00,-806,-500,-306
28/09/2019 03:15,-806,-500,-306
28/09/2019 03:30,-805,-500,-305
28/09/2019 03:45,-806,-500,-306
28/09/2019 04:00,-806,-500,-306
28/09/2019 04:15,-806,-500,-306
28/09/2019 04:30,-806,-500,-306
28/09/2019 04:45,-806,-500,-306
28/09/2019 05:00,-806,-500,-306
28/09/2019 05:15,-805,-500,-305
28/09/2019 05:30,-806,-500,-306
28/09/2019 05:45,-806,-500,-306
28/09/2019 06:00,-806,-500,-306
28/09/2019 06:15,-796,-500,-296
28/09/2019 06:30,-785,-500,-285
28/09/2019 06:45,-769,-500,-269
28/09/2019 07:00,-776,-500,-276
28/09/2019 07:15,-773,-489,-284
28/09/2019 07:30,-803,-499,-304
28/09/2019 07:45,-752,-446,-306
28/09/2019 08:00,-677,-371,-306
28/09/2019 08:15,-602,-296,-306
28/09/2019 08:30,-545,-276,-269
28/09/2019 08:45,-451,-258,-193
28/09/2019 09:00,-448,-183,-265
28/09/2019 09:15,-417,-111,-306
28/09/2019 09:30,-366,-60,-306
28/09/2019 09:45,-366,-60,-306
28/09/2019 10:00,-305,-45,-260
28/09/2019 10:15,-210,-28,-182
28/09/2019 10:30,-107,-1,-106
28/09/2019 10:45,-31,0,-31
28/09/2019 11:00,-15,0,-15
28/09/2019 11:15,144,56,88
28/09/2019 11:30,161,1,160
28/09/2019 11:45,233,0,233
28/09/2019 12:00,282,0,282
28/09/2019 12:15,356,0,356
28/09/2019 12:30,430,0,430
28/09/2019 12:45,494,47,447
28/09/2019 13:00,542,122,420
28/09/2019 13:15,560,197,363
28/09/2019 13:30,594,272,322
28/09/2019 13:45,608,220,388
28/09/2019 14:00,590,145,445
28/09/2019 14:15,516,70,446
28/09/2019 14:30,463,23,440
28/09/2019 14:45,528,82,446
28/09/2019 15:00,573,157,416
28/09/2019 15:15,612,232,380
28/09/2019 15:30,687,307,380
28/09/2019 15:45,662,291,371
28/09/2019 16:00,644,279,365
28/09/2019 16:15,607,248,359
28/09/2019 16:30,651,323,328
28/09/2019 16:45,560,268,292
28/09/2019 17:00,508,193,315
28/09/2019 17:15,362,118,244
28/09/2019 17:30,244,73,171
28/09/2019 17:45,220,125,95
28/09/2019 18:00,72,50,22
28/09/2019 18:15,23,0,23
28/09/2019 18:30,17,0,17
28/09/2019 18:45,-87,0,-87
28/09/2019 19:00,-168,0,-168
28/09/2019 19:15,-243,0,-243
28/09/2019 19:30,-265,0,-265
28/09/2019 19:45,-187,0,-187
28/09/2019 20:00,-237,0,-237
28/09/2019 20:15,-368,-74,-294
28/09/2019 20:30,-223,-6,-217
28/09/2019 20:45,-148,0,-148
28/09/2019 21:00,-296,-74,-222
28/09/2019 21:15,-447,-149,-298
28/09/2019 21:30,-383,-77,-306
28/09/2019 21:45,-288,-2,-286
28/09/2019 22:00,-286,0,-286
28/09/2019 22:15,-309,-31,-278
28/09/2019 22:30,-344,-41,-303
28/09/2019 22:45,-285,-50,-235
28/09/2019 23:00,-216,-58,-158
28/09/2019 23:15,-288,-133,-155
28/09/2019 23:30,-362,-208,-154
28/09/2019 23:45,-437,-283,-154
29/09/2019 00:00,-507,-353,-154
29/09/2019 00:15,-452,-297,-155
29/09/2019 00:30,-412,-257,-155
29/09/2019 00:45,-485,-331,-154
29/09/2019 01:00,-532,-377,-155
29/09/2019 01:15,-580,-425,-155
29/09/2019 01:30,-605,-450,-155
29/09/2019 01:45,-530,-376,-154
29/09/2019 02:00,-455,-301,-154
29/09/2019 02:15,-380,-226,-154
29/09/2019 02:30,-306,-151,-155
29/09/2019 02:45,-230,-76,-154
29/09/2019 03:00,-156,-1,-155
29/09/2019 03:15,-45,74,-119
29/09/2019 03:30,-12,120,-132
29/09/2019 03:45,-9,138,-147
29/09/2019 04:00,63,213,-150
29/09/2019 04:15,204,284,-80
29/09/2019 04:30,338,353,-15
29/09/2019 04:45,316,285,31
29/09/2019 05:00,227,210,17
29/09/2019 05:15,48,135,-87
29/09/2019 05:30,-8,60,-68
29/09/2019 05:45,12,27,-15
29/09/2019 06:00,-83,0,-83
29/09/2019 06:15,-227,-74,-153
29/09/2019 06:30,-304,-149,-155
29/09/2019 06:45,-378,-224,-154
29/09/2019 07:00,-454,-299,-155
29/09/2019 07:15,-528,-374,-154
29/09/2019 07:30,-604,-449,-155
29/09/2019 07:45,-587,-432,-155
29/09/2019 08:00,-445,-357,-88
29/09/2019 08:15,-297,-282,-15
29/09/2019 08:30,-292,-207,-85
29/09/2019 08:45,-400,-245,-155
29/09/2019 09:00,-469,-315,-154
29/09/2019 09:15,-545,-390,-155
29/09/2019 09:30,-562,-407,-155
29/09/2019 09:45,-587,-433,-154
29/09/2019 10:00,-614,-459,-155
29/09/2019 10:15,-641,-487,-154
29/09/2019 10:30,-655,-500,-155
29/09/2019 10:45,-626,-472,-154
29/09/2019 11:00,-552,-397,-155
29/09/2019 11:15,-515,-360,-155
29/09/2019 11:30,-511,-356,-155
29/09/2019 11:45,-495,-340,-155
29/09/2019 12:00,-528,-373,-155
29/09/2019 12:15,-564,-410,-154
29/09/2019 12:30,-541,-386,-155
29/09/2019 12:45,-465,-311,-154
29/09/2019 13:00,-323,-236,-87
29/09/2019 13:15,-176,-161,-15
29/09/2019 13:30,-144,-86,-58
29/09/2019 13:45,-145,-11,-134
29/09/2019 14:00,-155,0,-155
29/09/2019 14:15,-154,0,-154
29/09/2019 14:30,-179,-64,-115
29/09/2019 14:45,-178,-139,-39
29/09/2019 15:00,-327,-214,-113
29/09/2019 15:15,-445,-289,-156
29/09/2019 15:30,-519,-364,-155
29/09/2019 15:45,-593,-439,-154
29/09/2019 16:00,-563,-408,-155
29/09/2019 16:15,-414,-334,-80
29/09/2019 16:30,-560,-409,-151
29/09/2019 16:45,-598,-444,-154
29/09/2019 17:00,-472,-369,-103
29/09/2019 17:15,-322,-294,-28
29/09/2019 17:30,-310,-219,-91
29/09/2019 17:45,-274,-147,-127
29/09/2019 18:00,-226,-72,-154
29/09/2019 18:15,-149,0,-149
29/09/2019 18:30,-154,0,-154
29/09/2019 18:45,-155,0,-155
29/09/2019 19:00,-139,0,-139
29/09/2019 19:15,-66,0,-66
29/09/2019 19:30,-15,0,-15
29/09/2019 19:45,51,0,51
30/09/2019 00:00,79,27,52
30/09/2019 00:15,222,98,124
30/09/2019 00:30,333,171,162
30/09/2019 00:45,382,145,237
30/09/2019 01:00,382,70,312
30/09/2019 01:15,278,0,278
30/09/2019 01:30,267,0,267
30/09/2019 01:45,274,0,274
30/09/2019 02:00,199,0,199
30/09/2019 02:15,162,0,162
30/09/2019 02:30,162,0,162
30/09/2019 02:45,162,0,162
30/09/2019 03:00,149,0,149
30/09/2019 03:15,123,0,123
30/09/2019 03:30,196,0,196
30/09/2019 03:45,170,0,170
30/09/2019 04:00,98,0,98
30/09/2019 04:15,24,0,24
30/09/2019 04:30,17,0,17
30/09/2019 04:45,17,0,17
30/09/2019 05:00,17,0,17
30/09/2019 05:15,-162,-74,-88
30/09/2019 05:30,-200,-131,-69
30/09/2019 05:45,-227,-206,-21
30/09/2019 06:00,-379,-281,-98
30/09/2019 06:15,-528,-356,-172
30/09/2019 06:30,-539,-361,-178
30/09/2019 06:45,-462,-286,-176
30/09/2019 07:00,-309,-211,-98
30/09/2019 07:15,-159,-136,-23
30/09/2019 07:30,-123,-61,-62
30/09/2019 07:45,-174,-84,-90
30/09/2019 08:00,-24,-9,-15
30/09/2019 08:15,88,0,88
30/09/2019 08:30,161,0,161
30/09/2019 08:45,132,42,90
30/09/2019 09:00,17,1,16
30/09/2019 09:15,-103,-16,-87
30/09/2019 09:30,-165,-1,-164
30/09/2019 09:45,-163,-45,-118
30/09/2019 10:00,-297,-120,-177
30/09/2019 10:15,-374,-195,-179
30/09/2019 10:30,-406,-227,-179
30/09/2019 10:45,-436,-257,-179
30/09/2019 11:00,-510,-332,-178
30/09/2019 11:15,-586,-407,-179
30/09/2019 11:30,-661,-482,-179
30/09/2019 11:45,-646,-468,-178
30/09/2019 12:00,-572,-393,-179
30/09/2019 12:15,-497,-318,-179
30/09/2019 12:30,-422,-243,-179
30/09/2019 12:45,-373,-229,-144
30/09/2019 13:00,-482,-304,-178
30/09/2019 13:15,-558,-379,-179
30/09/2019 13:30,-580,-402,-178
30/09/2019 13:45,-535,-356,-179
30/09/2019 14:00,-534,-356,-178
30/09/2019 14:15,-537,-358,-179
30/09/2019 14:30,-462,-283,-179
30/09/2019 14:45,-492,-313,-179
30/09/2019 15:00,-567,-388,-179
30/09/2019 15:15,-642,-463,-179
30/09/2019 15:30,-679,-500,-179
30/09/2019 15:45,-680,-500,-180
30/09/2019 16:00,-679,-500,-179
30/09/2019 16:15,-636,-456,-180
30/09/2019 16:30,-670,-499,-171
30/09/2019 16:45,-618,-439,-179
30/09/2019 17:00,-542,-364,-178
30/09/2019 17:15,-465,-289,-176
30/09/2019 17:30,-389,-214,-175
30/09/2019 17:45,-411,-240,-171
30/09/2019 18:00,-491,-314,-177
30/09/2019 18:15,-530,-352,-178
30/09/2019 18:30,-541,-362,-179
30/09/2019 18:45,-467,-288,-179
30/09/2019 19:00,-364,-213,-151
30/09/2019 19:15,-212,-138,-74
30/09/2019 19:30,-159,-63,-96
30/09/2019 19:45,-103,0,-103
30/09/2019 20:00,-109,0,-109
30/09/2019 20:15,-139,0,-139
30/09/2019 20:30,-64,0,-64
30/09/2019 20:45,5,42,-37
30/09/2019 21:00,-111,1,-112
30/09/2019 21:15,-250,-74,-176
30/09/2019 21:30,-237,-59,-178
30/09/2019 21:45,-190,-12,-178
30/09/2019 22:00,-264,-87,-177
30/09/2019 22:15,-339,-162,-177
30/09/2019 22:30,-250,-103,-147
30/09/2019 22:45,-100,-28,-72
30/09/2019 23:00,-18,0,-18
30/09/2019 23:15,-166,-74,-92
30/09/2019 23:30,-308,-149,-159
30/09/2019 23:45,-382,-224,-158
01/10/2019 00:00,-344,-186,-158
01/10/2019 00:15,-269,-111,-158
01/10/2019 00:30,-266,-108,-158
01/10/2019 00:45,-270,-112,-158
01/10/2019 01:00,-275,-117,-158
01/10/2019 01:15,-276,-117,-159
01/10/2019 01:30,-275,-117,-158
01/10/2019 01:45,-275,-117,-158
01/10/2019 02:00,-275,-117,-158
01/10/2019 02:15,-275,-117,-158
01/10/2019 02:30,-275,-117,-158
01/10/2019 02:45,-275,-117,-158
01/10/2019 03:00,-275,-117,-158
01/10/2019 03:15,-275,-117,-158
01/10/2019 03:30,-275,-117,-158
01/10/2019 03:45,-275,-117,-158
01/10/2019 04:00,-275,-117,-158
01/10/2019 04:15,-332,-174,-158
01/10/2019 04:30,-392,-234,-158
01/10/2019 04:45,-443,-285,-158
01/10/2019 05:00,-518,-360,-158
01/10/2019 05:15,-593,-435,-158
01/10/2019 05:30,-658,-500,-158
01/10/2019 05:45,-658,-500,-158
01/10/2019 06:00,-658,-500,-158
01/10/2019 06:15,-658,-500,-158
01/10/2019 06:30,-658,-500,-158
01/10/2019 06:45,-658,-500,-158
01/10/2019 07:00,-658,-500,-158
01/10/2019 07:15,-659,-500,-159
01/10/2019 07:30,-660,-500,-160
01/10/2019 07:45,-590,-431,-159
01/10/2019 08:00,-516,-356,-160
01/10/2019 08:15,-441,-281,-160
01/10/2019 08:30,-366,-206,-160
01/10/2019 08:45,-381,-221,-160
01/10/2019 09:00,-340,-180,-160
01/10/2019 09:15,-306,-146,-160
01/10/2019 09:30,-231,-71,-160
01/10/2019 09:45,-252,-92,-160
01/10/2019 10:00,-327,-167,-160
01/10/2019 10:15,-402,-242,-160
01/10/2019 10:30,-384,-225,-159
01/10/2019 10:45,-309,-150,-159
01/10/2019 11:00,-294,-134,-160
01/10/2019 11:15,-325,-166,-159
01/10/2019 11:30,-322,-162,-160
01/10/2019 11:45,-300,-140,-160
01/10/2019 12:00,-374,-214,-160
01/10/2019 12:15,-447,-288,-159
01/10/2019 12:30,-415,-256,-159
01/10/2019 12:45,-378,-262,-116
01/10/2019 13:00,-494,-337,-157
01/10/2019 13:15,-571,-412,-159
01/10/2019 13:30,-558,-398,-160
01/10/2019 13:45,-518,-358,-160
01/10/2019 14:00,-593,-433,-160
01/10/2019 14:15,-627,-500,-127
01/10/2019 14:30,-641,-500,-141
01/10/2019 14:45,-640,-488,-152
01/10/2019 15:00,-604,-469,-135
01/10/2019 15:15,-547,-444,-103
01/10/2019 15:30,-617,-460,-157
01/10/2019 15:45,-633,-475,-158
01/10/2019 16:00,-657,-499,-158
01/10/2019 16:15,-658,-500,-158
01/10/2019 16:30,-658,-500,-158
01/10/2019 16:45,-594,-436,-158
01/10/2019 17:00,-519,-361,-158
01/10/2019 17:15,-444,-286,-158
01/10/2019 17:30,-396,-238,-158
01/10/2019 17:45,-322,-236,-86
01/10/2019 18:00,-298,-161,-137
01/10/2019 18:15,-244,-86,-158
01/10/2019 18:30,-280,-122,-158
01/10/2019 18:45,-325,-167,-158
01/10/2019 19:00,-188,-92,-96
01/10/2019 19:15,-40,-17,-23
01/10/2019 19:30,-15,0,-15
01/10/2019 19:45,87,0,87
01/10/2019 20:00,120,-49,169
01/10/2019 20:15,168,-76,244
01/10/2019 20:30,318,-1,319
01/10/2019 20:45,463,74,389
01/10/2019 21:00,349,26,323
01/10/2019 21:15,260,0,260
01/10/2019 21:30,204,0,204
01/10/2019 21:45,247,0,247
01/10/2019 22:00,247,0,247
01/10/2019 22:15,247,0,247
01/10/2019 22:30,286,0,286
01/10/2019 22:45,321,0,321
01/10/2019 23:00,351,0,351
01/10/2019 23:15,262,-19,281
01/10/2019 23:30,207,-1,208
01/10/2019 23:45,132,0,132
02/10/2019 00:00,59,0,59
02/10/2019 00:15,-43,0,-43
02/10/2019 00:30,-120,0,-120
02/10/2019 00:45,-103,0,-103
02/10/2019 01:00,-168,0,-168
02/10/2019 01:15,-218,0,-218
02/10/2019 01:30,-294,0,-294
02/10/2019 01:45,-243,0,-243
02/10/2019 02:00,-168,0,-168
02/10/2019 02:15,-93,0,-93
02/10/2019 02:30,-18,0,-18
02/10/2019 02:45,16,0,16
02/10/2019 03:00,32,0,32
02/10/2019 03:15,99,0,99
02/10/2019 03:30,163,0,163
02/10/2019 03:45,93,0,93
02/10/2019 04:00,17,0,17
02/10/2019 04:15,-88,0,-88
02/10/2019 04:30,-130,0,-130
02/10/2019 04:45,-88,0,-88
02/10/2019 05:00,-149,0,-149
02/10/2019 05:15,-207,0,-207
02/10/2019 05:30,-286,0,-286
02/10/2019 05:45,-243,0,-243
02/10/2019 06:00,-167,0,-167
02/10/2019 06:15,-137,-44,-93
02/10/2019 06:30,-18,-1,-17
02/10/2019 06:45,144,74,70
02/10/2019 07:00,298,149,149
02/10/2019 07:15,444,224,220
02/10/2019 07:30,565,275,290
02/10/2019 07:45,648,319,329
02/10/2019 08:00,795,394,401
02/10/2019 08:15,915,469,446
02/10/2019 08:30,976,530,446
02/10/2019 08:45,976,530,446
02/10/2019 09:00,976,530,446
02/10/2019 09:15,976,530,446
02/10/2019 09:30,976,530,446
02/10/2019 09:45,976,530,446
02/10/2019 10:00,976,530,446
02/10/2019 10:15,975,530,445
02/10/2019 10:30,977,530,447
02/10/2019 10:45,976,530,446
02/10/2019 11:00,976,530,446
02/10/2019 11:15,975,530,445
02/10/2019 11:30,975,530,445
02/10/2019 11:45,976,530,446
02/10/2019 12:00,976,530,446
02/10/2019 12:15,975,530,445
02/10/2019 12:30,976,530,446
02/10/2019 12:45,976,530,446
02/10/2019 13:00,975,530,445
02/10/2019 13:15,975,530,445
02/10/2019 13:30,976,530,446
02/10/2019 13:45,976,530,446
02/10/2019 14:00,976,530,446
02/10/2019 14:15,975,530,445
02/10/2019 14:30,976,530,446
02/10/2019 14:45,975,530,445
02/10/2019 15:00,976,530,446
02/10/2019 15:15,976,530,446
02/10/2019 15:30,976,530,446
02/10/2019 15:45,976,530,446
02/10/2019 16:00,976,530,446
02/10/2019 16:15,977,530,447
02/10/2019 16:30,976,530,446
02/10/2019 16:45,977,530,447
02/10/2019 17:00,976,530,446
02/10/2019 17:15,976,530,446
02/10/2019 17:30,976,530,446
02/10/2019 17:45,976,530,446
02/10/2019 18:00,976,530,446
02/10/2019 18:15,976,530,446
02/10/2019 18:30,976,530,446
02/10/2019 18:45,962,530,432
02/10/2019 19:00,924,530,394
02/10/2019 19:15,958,530,428
02/10/2019 19:30,958,530,428
02/10/2019 19:45,958,530,428
02/10/2019 20:00,976,530,446
02/10/2019 20:15,975,530,445
02/10/2019 20:30,977,530,447
02/10/2019 20:45,934,503,431
02/10/2019 21:00,853,428,425
02/10/2019 21:15,777,353,424
02/10/2019 21:30,752,354,398
02/10/2019 21:45,620,281,339
02/10/2019 22:00,499,206,293
02/10/2019 22:15,366,131,235
02/10/2019 22:30,309,56,253
02/10/2019 22:45,307,47,260
02/10/2019 23:00,310,47,263
02/10/2019 23:15,354,121,233
02/10/2019 23:30,503,196,307
02/10/2019 23:45,593,212,381
03/10/2019 00:00,453,137,316
03/10/2019 00:15,305,62,243
03/10/2019 00:30,237,70,167
03/10/2019 00:45,169,76,93
03/10/2019 01:00,20,1,19
03/10/2019 01:15,-89,-74,-15
03/10/2019 01:30,-209,-149,-60
03/10/2019 01:45,-203,-118,-85
03/10/2019 02:00,-252,-167,-85
03/10/2019 02:15,-328,-242,-86
03/10/2019 02:30,-313,-228,-85
03/10/2019 02:45,-312,-227,-85
03/10/2019 03:00,-312,-227,-85
03/10/2019 03:15,-313,-228,-85
03/10/2019 03:30,-300,-215,-85
03/10/2019 03:45,-365,-279,-86
03/10/2019 04:00,-439,-354,-85
03/10/2019 04:15,-515,-429,-86
03/10/2019 04:30,-586,-500,-86
03/10/2019 04:45,-586,-500,-86
03/10/2019 05:00,-586,-500,-86
03/10/2019 05:15,-585,-500,-85
03/10/2019 05:30,-585,-500,-85
03/10/2019 05:45,-586,-500,-86
03/10/2019 06:00,-586,-500,-86
03/10/2019 06:15,-586,-500,-86
03/10/2019 06:30,-585,-500,-85
03/10/2019 06:45,-585,-500,-85
03/10/2019 07:00,-586,-500,-86
03/10/2019 07:15,-586,-500,-86
03/10/2019 07:30,-585,-500,-85
03/10/2019 07:45,-585,-500,-85
03/10/2019 08:00,-586,-500,-86
03/10/2019 08:15,-585,-500,-85
03/10/2019 08:30,-586,-500,-86
03/10/2019 08:45,-585,-500,-85
03/10/2019 09:00,-585,-500,-85
03/10/2019 09:15,-585,-500,-85
03/10/2019 09:30,-586,-500,-86
03/10/2019 09:45,-586,-500,-86
03/10/2019 10:00,-586,-500,-86
03/10/2019 10:15,-586,-500,-86
03/10/2019 10:30,-586,-500,-86
03/10/2019 10:45,-586,-500,-86
03/10/2019 11:00,-587,-500,-87
03/10/2019 11:15,-586,-500,-86
03/10/2019 11:30,-586,-500,-86
03/10/2019 11:45,-586,-500,-86
03/10/2019 12:00,-587,-500,-87
03/10/2019 12:15,-587,-500,-87
03/10/2019 12:30,-586,-500,-86
03/10/2019 12:45,-587,-500,-87
03/10/2019 13:00,-586,-500,-86
03/10/2019 13:15,-586,-500,-86
03/10/2019 13:30,-586,-500,-86
03/10/2019 13:45,-587,-500,-87
03/10/2019 14:00,-586,-500,-86
03/10/2019 14:15,-586,-500,-86
03/10/2019 14:30,-572,-500,-72
03/10/2019 14:45,-586,-500,-86
03/10/2019 15:00,-585,-500,-85
03/10/2019 15:15,-586,-500,-86
03/10/2019 15:30,-585,-500,-85
03/10/2019 15:45,-586,-500,-86
03/10/2019 16:00,-586,-500,-86
03/10/2019 16:15,-585,-500,-85
03/10/2019 16:30,-585,-500,-85
03/10/2019 16:45,-585,-500,-85
03/10/2019 17:00,-585,-500,-85
03/10/2019 17:15,-585,-500,-85
03/10/2019 17:30,-585,-500,-85
03/10/2019 17:45,-586,-500,-86
03/10/2019 18:00,-586,-500,-86
03/10/2019 18:15,-586,-500,-86
03/10/2019 18:30,-585,-500,-85
03/10/2019 18:45,-586,-500,-86
03/10/2019 19:00,-586,-500,-86
03/10/2019 19:15,-586,-500,-86
03/10/2019 19:30,-586,-500,-86
03/10/2019 19:45,-586,-500,-86
03/10/2019 20:00,-586,-500,-86
03/10/2019 20:15,-585,-500,-85
03/10/2019 20:30,-585,-500,-85
03/10/2019 20:45,-585,-500,-85
03/10/2019 21:00,-585,-500,-85
03/10/2019 21:15,-585,-500,-85
03/10/2019 21:30,-586,-500,-86
03/10/2019 21:45,-585,-500,-85
03/10/2019 22:00,-586,-500,-86
03/10/2019 22:15,-586,-500,-86
03/10/2019 22:30,-586,-500,-86
03/10/2019 22:45,-585,-500,-85
03/10/2019 23:00,-579,-500,-79
03/10/2019 23:15,-585,-500,-85
03/10/2019 23:30,-584,-500,-84
03/10/2019 23:45,-584,-500,-84
04/10/2019 00:00,-585,-500,-85
04/10/2019 00:15,-585,-500,-85
04/10/2019 00:30,-584,-500,-84
04/10/2019 00:45,-585,-500,-85
04/10/2019 01:00,-585,-500,-85
04/10/2019 01:15,-585,-500,-85
04/10/2019 01:30,-585,-500,-85
04/10/2019 01:45,-585,-500,-85
04/10/2019 02:00,-585,-500,-85
04/10/2019 02:15,-585,-500,-85
04/10/2019 02:30,-585,-500,-85
04/10/2019 02:45,-585,-500,-85
04/10/2019 03:00,-586,-500,-86
04/10/2019 03:15,-585,-500,-85
04/10/2019 03:30,-585,-500,-85
04/10/2019 03:45,-585,-500,-85
04/10/2019 04:00,-585,-500,-85
04/10/2019 04:15,-585,-500,-85
04/10/2019 04:30,-585,-500,-85
04/10/2019 04:45,-585,-500,-85
04/10/2019 05:00,-585,-500,-85
04/10/2019 05:15,-585,-500,-85
04/10/2019 05:30,-585,-500,-85
04/10/2019 05:45,-584,-500,-84
04/10/2019 06:00,-585,-500,-85
04/10/2019 06:15,-585,-500,-85
04/10/2019 06:30,-585,-500,-85
04/10/2019 06:45,-585,-500,-85
04/10/2019 07:00,-585,-500,-85
04/10/2019 07:15,-585,-500,-85
04/10/2019 07:30,-585,-500,-85
04/10/2019 07:45,-585,-500,-85
04/10/2019 08:00,-585,-500,-85
04/10/2019 08:15,-585,-500,-85
04/10/2019 08:30,-584,-500,-84
04/10/2019 08:45,-584,-500,-84
04/10/2019 09:00,-585,-500,-85
04/10/2019 09:15,-585,-500,-85
04/10/2019 09:30,-585,-500,-85
04/10/2019 09:45,-585,-500,-85
04/10/2019 10:00,-584,-500,-84
04/10/2019 10:15,-584,-500,-84
04/10/2019 10:30,-585,-500,-85
04/10/2019 10:45,-585,-500,-85
04/10/2019 11:00,-585,-500,-85
04/10/2019 11:15,-585,-500,-85
04/10/2019 11:30,-584,-500,-84
04/10/2019 11:45,-585,-500,-85
04/10/2019 12:00,-585,-500,-85
04/10/2019 12:15,-585,-500,-85
04/10/2019 12:30,-585,-500,-85
04/10/2019 12:45,-585,-500,-85
04/10/2019 13:00,-585,-500,-85
04/10/2019 13:15,-585,-500,-85
04/10/2019 13:30,-585,-500,-85
04/10/2019 13:45,-567,-482,-85
04/10/2019 14:00,-492,-407,-85
04/10/2019 14:15,-357,-332,-25
04/10/2019 14:30,-339,-257,-82
04/10/2019 14:45,-292,-207,-85
04/10/2019 15:00,-148,-132,-16
04/10/2019 15:15,31,-57,88
04/10/2019 15:30,17,0,17
04/10/2019 15:45,-18,65,-83
04/10/2019 16:00,124,140,-16
04/10/2019 16:15,303,215,88
04/10/2019 16:30,288,261,27
04/10/2019 16:45,398,314,84
04/10/2019 17:00,545,389,156
04/10/2019 17:15,699,464,235
04/10/2019 17:30,825,530,295
04/10/2019 17:45,830,530,300
04/10/2019 18:00,905,530,375
04/10/2019 18:15,976,530,446
04/10/2019 18:30,976,530,446
04/10/2019 18:45,976,530,446
04/10/2019 19:00,960,530,430
04/10/2019 19:15,887,530,357
04/10/2019 19:30,941,530,411
04/10/2019 19:45,976,530,446
04/10/2019 20:00,976,530,446
04/10/2019 20:15,976,530,446
04/10/2019 20:30,977,530,447
04/10/2019 20:45,976,530,446
04/10/2019 21:00,976,530,446
04/10/2019 21:15,976,530,446
04/10/2019 21:30,976,530,446
04/10/2019 21:45,932,486,446
04/10/2019 22:00,857,411,446
04/10/2019 22:15,783,336,447
04/10/2019 22:30,708,261,447
04/10/2019 22:45,780,334,446
04/10/2019 23:00,779,332,447
04/10/2019 23:15,630,257,373
04/10/2019 23:30,484,182,302
04/10/2019 23:45,337,107,230
05/10/2019 00:00,185,32,153
05/10/2019 00:15,35,-43,78
05/10/2019 00:30,-144,-118,-26
05/10/2019 00:45,-215,-114,-101
05/10/2019 01:00,-282,-172,-110
05/10/2019 01:15,-342,-232,-110
05/10/2019 01:30,-347,-237,-110
05/10/2019 01:45,-364,-255,-109
05/10/2019 02:00,-391,-281,-110
05/10/2019 02:15,-443,-333,-110
05/10/2019 02:30,-368,-258,-110
05/10/2019 02:45,-392,-282,-110
05/10/2019 03:00,-466,-357,-109
05/10/2019 03:15,-542,-432,-110
05/10/2019 03:30,-605,-495,-110
05/10/2019 03:45,-529,-420,-109
05/10/2019 04:00,-583,-473,-110
05/10/2019 04:15,-610,-500,-110
05/10/2019 04:30,-609,-500,-109
05/10/2019 04:45,-610,-500,-110
05/10/2019 05:00,-610,-500,-110
05/10/2019 05:15,-610,-500,-110
05/10/2019 05:30,-610,-500,-110
05/10/2019 05:45,-610,-500,-110
05/10/2019 06:00,-610,-500,-110
05/10/2019 06:15,-609,-500,-109
05/10/2019 06:30,-610,-500,-110
05/10/2019 06:45,-610,-500,-110
05/10/2019 07:00,-610,-500,-110
05/10/2019 07:15,-610,-500,-110
05/10/2019 07:30,-610,-500,-110
05/10/2019 07:45,-610,-500,-110
05/10/2019 08:00,-610,-500,-110
05/10/2019 08:15,-610,-500,-110
05/10/2019 08:30,-610,-500,-110
05/10/2019 08:45,-609,-500,-109
05/10/2019 09:00,-610,-500,-110
05/10/2019 09:15,-609,-500,-109
05/10/2019 09:30,-610,-500,-110
05/10/2019 09:45,-610,-500,-110
05/10/2019 10:00,-610,-500,-110
05/10/2019 10:15,-610,-500,-110
05/10/2019 10:30,-610,-500,-110
05/10/2019 10:45,-610,-500,-110
05/10/2019 11:00,-610,-500,-110
05/10/2019 11:15,-610,-500,-110
05/10/2019 11:30,-609,-500,-109
05/10/2019 11:45,-609,-500,-109
05/10/2019 12:00,-610,-500,-110
05/10/2019 12:15,-548,-439,-109
05/10/2019 12:30,-514,-404,-110
05/10/2019 12:45,-440,-404,-36
05/10/2019 13:00,-495,-388,-107
05/10/2019 13:15,-479,-370,-109
05/10/2019 13:30,-461,-357,-104
05/10/2019 13:45,-442,-345,-97
05/10/2019 14:00,-398,-311,-87
05/10/2019 14:15,-354,-289,-65
05/10/2019 14:30,-339,-231,-108
05/10/2019 14:45,-285,-176,-109
05/10/2019 15:00,-245,-142,-103
05/10/2019 15:15,-192,-89,-103
05/10/2019 15:30,-203,-93,-110
05/10/2019 15:45,-206,-96,-110
05/10/2019 16:00,-130,-21,-109
05/10/2019 16:15,-49,0,-49
05/10/2019 16:30,-122,-14,-108
05/10/2019 16:45,-199,-89,-110
05/10/2019 17:00,-95,-31,-64
05/10/2019 17:15,-15,0,-15
05/10/2019 17:30,-15,0,-15
05/10/2019 17:45,63,0,63
05/10/2019 18:00,100,0,100
05/10/2019 18:15,160,0,160
05/10/2019 18:30,87,0,87
05/10/2019 18:45,137,0,137
05/10/2019 19:00,209,0,209
05/10/2019 19:15,356,74,282
05/10/2019 19:30,386,31,355
05/10/2019 19:45,465,98,367
05/10/2019 20:00,466,173,293
05/10/2019 20:15,547,248,299
05/10/2019 20:30,696,323,373
05/10/2019 20:45,704,259,445
05/10/2019 21:00,621,184,437
05/10/2019 21:15,473,109,364
05/10/2019 21:30,425,34,391
05/10/2019 21:45,414,51,363
05/10/2019 22:00,288,1,287
05/10/2019 22:15,207,-8,215
05/10/2019 22:30,139,-1,140
05/10/2019 22:45,168,0,168
05/10/2019 23:00,167,0,167
05/10/2019 23:15,15,-74,89
05/10/2019 23:30,-161,-149,-12
05/10/2019 23:45,-294,-224,-70
06/10/2019 00:00,-423,-299,-124
06/10/2019 00:15,-498,-374,-124
06/10/2019 00:30,-505,-405,-100
06/10/2019 00:45,-387,-363,-24
06/10/2019 01:00,-416,-401,-15
06/10/2019 01:15,-457,-474,17
06/10/2019 01:30,-470,-488,18
06/10/2019 01:45,-537,-449,-88
06/10/2019 02:00,-623,-499,-124
06/10/2019 02:15,-624,-500,-124
06/10/2019 02:30,-571,-500,-71
06/10/2019 02:45,-516,-500,-16
06/10/2019 03:00,-568,-500,-68
06/10/2019 03:15,-624,-500,-124
06/10/2019 03:30,-571,-500,-71
06/10/2019 03:45,-524,-500,-24
06/10/2019 04:00,-554,-500,-54
06/10/2019 04:15,-623,-500,-123
06/10/2019 04:30,-588,-500,-88
06/10/2019 04:45,-546,-500,-46
06/10/2019 05:00,-621,-500,-121
06/10/2019 05:15,-624,-500,-124
06/10/2019 05:30,-624,-500,-124
06/10/2019 05:45,-624,-500,-124
06/10/2019 06:00,-624,-500,-124
06/10/2019 06:15,-624,-500,-124
06/10/2019 06:30,-624,-500,-124
06/10/2019 06:45,-624,-500,-124
06/10/2019 07:00,-624,-500,-124
06/10/2019 07:15,-618,-500,-118
06/10/2019 07:30,-623,-500,-123
06/10/2019 07:45,-522,-431,-91
06/10/2019 08:00,-372,-356,-16
06/10/2019 08:15,-195,-281,86
06/10/2019 08:30,-211,-230,19
06/10/2019 08:45,-246,-203,-43
06/10/2019 09:00,-150,-128,-22
06/10/2019 09:15,-25,-53,28
06/10/2019 09:30,32,0,32
06/10/2019 09:45,24,0,24
06/10/2019 10:00,83,0,83
06/10/2019 10:15,157,0,157
06/10/2019 10:30,104,0,104
06/10/2019 10:45,151,0,151
06/10/2019 11:00,220,0,220
06/10/2019 11:15,328,30,298
06/10/2019 11:30,369,1,368
06/10/2019 11:45,312,0,312
06/10/2019 12:00,332,0,332
06/10/2019 12:15,378,44,334
06/10/2019 12:30,407,44,363
06/10/2019 12:45,515,118,397
06/10/2019 13:00,636,193,443
06/10/2019 13:15,715,268,447
06/10/2019 13:30,789,343,446
06/10/2019 13:45,866,418,448
06/10/2019 14:00,939,493,446
06/10/2019 14:15,866,420,446
06/10/2019 14:30,879,433,446
06/10/2019 14:45,892,446,446
06/10/2019 15:00,844,397,447
06/10/2019 15:15,769,345,424
06/10/2019 15:30,747,354,393
06/10/2019 15:45,655,335,320
06/10/2019 16:00,796,408,388
06/10/2019 16:15,868,483,385
06/10/2019 16:30,780,466,314
06/10/2019 16:45,636,397,239
06/10/2019 17:00,621,322,299
06/10/2019 17:15,613,247,366
06/10/2019 17:30,511,204,307
06/10/2019 17:45,415,182,233
06/10/2019 18:00,360,107,253
06/10/2019 18:15,295,32,263
06/10/2019 18:30,279,0,279
06/10/2019 18:45,219,0,219
06/10/2019 19:00,142,0,142
06/10/2019 19:15,63,-5,68
06/10/2019 19:30,16,-1,17
06/10/2019 19:45,-58,0,-58
06/10/2019 20:00,-60,0,-60
06/10/2019 20:15,-149,-59,-90
06/10/2019 20:30,-131,-115,-16
06/10/2019 20:45,-101,-189,88
06/10/2019 21:00,-246,-264,18
06/10/2019 21:15,-427,-339,-88
06/10/2019 21:30,-538,-414,-124
06/10/2019 21:45,-613,-489,-124
06/10/2019 22:00,-624,-500,-124
06/10/2019 22:15,-624,-500,-124
06/10/2019 22:30,-624,-500,-124
06/10/2019 22:45,-624,-500,-124
06/10/2019 23:00,-582,-500,-82
06/10/2019 23:15,-580,-500,-80
06/10/2019 23:30,-580,-500,-80
06/10/2019 23:45,-579,-500,-79
07/10/2019 00:00,-580,-500,-80
07/10/2019 00:15,-580,-500,-80
07/10/2019 00:30,-579,-500,-79
07/10/2019 00:45,-579,-500,-79
07/10/2019 01:00,-579,-500,-79
07/10/2019 01:15,-580,-500,-80
07/10/2019 01:30,-579,-500,-79
07/10/2019 01:45,-579,-500,-79
07/10/2019 02:00,-580,-500,-80
07/10/2019 02:15,-580,-500,-80
07/10/2019 02:30,-580,-500,-80
07/10/2019 02:45,-580,-500,-80
07/10/2019 03:00,-580,-500,-80
07/10/2019 03:15,-580,-500,-80
07/10/2019 03:30,-579,-500,-79
07/10/2019 03:45,-579,-500,-79
07/10/2019 04:00,-579,-500,-79
07/10/2019 04:15,-580,-500,-80
07/10/2019 04:30,-579,-500,-79
07/10/2019 04:45,-580,-500,-80
07/10/2019 05:00,-579,-500,-79
07/10/2019 05:15,-579,-500,-79
07/10/2019 05:30,-579,-500,-79
07/10/2019 05:45,-579,-500,-79
07/10/2019 06:00,-579,-500,-79
07/10/2019 06:15,-580,-500,-80
07/10/2019 06:30,-580,-500,-80
07/10/2019 06:45,-580,-500,-80
07/10/2019 07:00,-579,-500,-79
07/10/2019 07:15,-514,-500,-14
07/10/2019 07:30,-546,-500,-46
07/10/2019 07:45,-514,-435,-79
07/10/2019 08:00,-440,-360,-80
07/10/2019 08:15,-365,-285,-80
07/10/2019 08:30,-291,-210,-81
07/10/2019 08:45,-262,-219,-43
07/10/2019 09:00,-303,-227,-76
07/10/2019 09:15,-257,-205,-52
07/10/2019 09:30,-291,-211,-80
07/10/2019 09:45,-264,-184,-80
07/10/2019 10:00,-193,-175,-18
07/10/2019 10:15,-143,-160,17
07/10/2019 10:30,-144,-161,17
07/10/2019 10:45,-131,-148,17
07/10/2019 11:00,-191,-208,17
07/10/2019 11:15,-362,-283,-79
07/10/2019 11:30,-437,-358,-79
07/10/2019 11:45,-436,-357,-79
07/10/2019 12:00,-511,-432,-79
07/10/2019 12:15,-580,-500,-80
07/10/2019 12:30,-579,-500,-79
07/10/2019 12:45,-580,-500,-80
07/10/2019 13:00,-580,-500,-80
07/10/2019 13:15,-580,-500,-80
07/10/2019 13:30,-581,-500,-81
07/10/2019 13:45,-580,-500,-80
07/10/2019 14:00,-581,-500,-81
07/10/2019 14:15,-581,-500,-81
07/10/2019 14:30,-581,-500,-81
07/10/2019 14:45,-581,-500,-81
07/10/2019 15:00,-580,-500,-80
07/10/2019 15:15,-580,-500,-80
07/10/2019 15:30,-581,-500,-81
07/10/2019 15:45,-580,-500,-80
07/10/2019 16:00,-581,-500,-81
07/10/2019 16:15,-580,-500,-80
07/10/2019 16:30,-581,-500,-81
07/10/2019 16:45,-581,-500,-81
07/10/2019 17:00,-580,-500,-80
07/10/2019 17:15,-579,-500,-79
07/10/2019 17:30,-580,-500,-80
07/10/2019 17:45,-579,-500,-79
07/10/2019 18:00,-579,-500,-79
07/10/2019 18:15,-579,-500,-79
07/10/2019 18:30,-579,-500,-79
07/10/2019 18:45,-579,-500,-79
07/10/2019 19:00,-579,-500,-79
07/10/2019 19:15,-579,-500,-79
07/10/2019 19:30,-580,-500,-80
07/10/2019 19:45,-580,-500,-80
07/10/2019 20:00,-579,-500,-79
07/10/2019 20:15,-579,-500,-79
07/10/2019 20:30,-579,-500,-79
07/10/2019 20:45,-579,-500,-79
07/10/2019 21:00,-580,-500,-80
07/10/2019 21:15,-580,-500,-80
07/10/2019 21:30,-579,-500,-79
07/10/2019 21:45,-580,-500,-80
07/10/2019 22:00,-579,-500,-79
07/10/2019 22:15,-579,-500,-79
07/10/2019 22:30,-580,-500,-80
07/10/2019 22:45,-579,-500,-79
07/10/2019 23:00,-580,-500,-80
07/10/2019 23:15,-582,-500,-82
07/10/2019 23:30,-588,-500,-88
07/10/2019 23:45,-588,-500,-88
08/10/2019 00:00,-588,-500,-88
08/10/2019 00:15,-588,-500,-88
08/10/2019 00:30,-588,-500,-88
08/10/2019 00:45,-588,-500,-88
08/10/2019 01:00,-588,-500,-88
08/10/2019 01:15,-588,-500,-88
08/10/2019 01:30,-588,-500,-88
08/10/2019 01:45,-588,-500,-88
08/10/2019 02:00,-587,-500,-87
08/10/2019 02:15,-588,-500,-88
08/10/2019 02:30,-588,-500,-88
08/10/2019 02:45,-587,-500,-87
08/10/2019 03:00,-588,-500,-88
08/10/2019 03:15,-588,-500,-88
08/10/2019 03:30,-588,-500,-88
08/10/2019 03:45,-587,-500,-87
08/10/2019 04:00,-588,-500,-88
08/10/2019 04:15,-588,-500,-88
08/10/2019 04:30,-588,-500,-88
08/10/2019 04:45,-588,-500,-88
08/10/2019 05:00,-586,-500,-86
08/10/2019 05:15,-588,-500,-88
08/10/2019 05:30,-588,-500,-88
08/10/2019 05:45,-587,-500,-87
08/10/2019 06:00,-587,-500,-87
08/10/2019 06:15,-587,-500,-87
08/10/2019 06:30,-588,-500,-88
08/10/2019 06:45,-588,-500,-88
08/10/2019 07:00,-588,-500,-88
08/10/2019 07:15,-588,-500,-88
08/10/2019 07:30,-588,-500,-88
08/10/2019 07:45,-588,-500,-88
08/10/2019 08:00,-508,-436,-72
08/10/2019 08:15,-387,-372,-15
08/10/2019 08:30,-321,-306,-15
08/10/2019 08:45,-358,-376,18
08/10/2019 09:00,-390,-408,18
08/10/2019 09:15,-501,-449,-52
08/10/2019 09:30,-497,-443,-54
08/10/2019 09:45,-474,-425,-49
08/10/2019 10:00,-540,-499,-41
08/10/2019 10:15,-528,-500,-28
08/10/2019 10:30,-517,-500,-17
08/10/2019 10:45,-413,-500,87
08/10/2019 11:00,-470,-500,30
08/10/2019 11:15,-467,-500,33
08/10/2019 11:30,-464,-500,36
08/10/2019 11:45,-477,-500,23
08/10/2019 12:00,-483,-500,17
08/10/2019 12:15,-532,-500,-32
08/10/2019 12:30,-538,-500,-38
08/10/2019 12:45,-536,-500,-36
08/10/2019 13:00,-587,-500,-87
08/10/2019 13:15,-587,-500,-87
08/10/2019 13:30,-588,-500,-88
08/10/2019 13:45,-588,-500,-88
08/10/2019 14:00,-588,-500,-88
08/10/2019 14:15,-587,-500,-87
08/10/2019 14:30,-588,-500,-88
08/10/2019 14:45,-588,-500,-88
08/10/2019 15:00,-587,-500,-87
08/10/2019 15:15,-587,-500,-87
08/10/2019 15:30,-588,-500,-88
08/10/2019 15:45,-587,-500,-87
08/10/2019 16:00,-582,-500,-82
08/10/2019 16:15,-582,-500,-82
08/10/2019 16:30,-577,-500,-77
08/10/2019 16:45,-584,-500,-84
08/10/2019 17:00,-512,-450,-62
08/10/2019 17:15,-412,-382,-30
08/10/2019 17:30,-512,-457,-55
08/10/2019 17:45,-580,-500,-80
08/10/2019 18:00,-516,-429,-87
08/10/2019 18:15,-442,-354,-88
08/10/2019 18:30,-470,-382,-88
08/10/2019 18:45,-397,-309,-88
08/10/2019 19:00,-304,-234,-70
08/10/2019 19:15,-174,-159,-15
08/10/2019 19:30,-98,-84,-14
08/10/2019 19:45,2,-38,40
08/10/2019 20:00,57,0,57
08/10/2019 20:15,95,0,95
08/10/2019 20:30,20,0,20
08/10/2019 20:45,-28,-45,17
08/10/2019 21:00,-103,-120,17
08/10/2019 21:15,-281,-195,-86
08/10/2019 21:30,-326,-239,-87
08/10/2019 21:45,-375,-287,-88
08/10/2019 22:00,-450,-362,-88
08/10/2019 22:15,-525,-437,-88
08/10/2019 22:30,-588,-500,-88
08/10/2019 22:45,-587,-500,-87
08/10/2019 23:00,-588,-500,-88
08/10/2019 23:15,-441,-426,-15
08/10/2019 23:30,-366,-351,-15
08/10/2019 23:45,-414,-326,-88
09/10/2019 00:00,-395,-300,-95
09/10/2019 00:15,-418,-324,-94
09/10/2019 00:30,-444,-350,-94
09/10/2019 00:45,-458,-364,-94
09/10/2019 01:00,-476,-382,-94
09/10/2019 01:15,-482,-388,-94
09/10/2019 01:30,-518,-424,-94
09/10/2019 01:45,-564,-470,-94
09/10/2019 02:00,-522,-428,-94
09/10/2019 02:15,-485,-391,-94
09/10/2019 02:30,-482,-388,-94
09/10/2019 02:45,-471,-375,-96
09/10/2019 03:00,-492,-398,-94
09/10/2019 03:15,-515,-421,-94
09/10/2019 03:30,-512,-417,-95
09/10/2019 03:45,-492,-397,-95
09/10/2019 04:00,-567,-472,-95
09/10/2019 04:15,-595,-500,-95
09/10/2019 04:30,-592,-498,-94
09/10/2019 04:45,-517,-423,-94
09/10/2019 05:00,-568,-474,-94
09/10/2019 05:15,-595,-500,-95
09/10/2019 05:30,-595,-500,-95
09/10/2019 05:45,-595,-500,-95
09/10/2019 06:00,-594,-500,-94
09/10/2019 06:15,-594,-500,-94
09/10/2019 06:30,-546,-451,-95
09/10/2019 06:45,-467,-376,-91
09/10/2019 07:00,-318,-301,-17
09/10/2019 07:15,-209,-226,17
09/10/2019 07:30,-135,-151,16
09/10/2019 07:45,11,-76,87
09/10/2019 08:00,168,-1,169
09/10/2019 08:15,304,60,244
09/10/2019 08:30,364,47,317
09/10/2019 08:45,439,59,380
09/10/2019 09:00,445,1,444
09/10/2019 09:15,437,0,437
09/10/2019 09:30,438,0,438
09/10/2019 09:45,367,0,367
09/10/2019 10:00,291,0,291
09/10/2019 10:15,168,-50,218
09/10/2019 10:30,141,-1,142
09/10/2019 10:45,92,0,92
09/10/2019 11:00,18,0,18
09/10/2019 11:15,-150,-64,-86
09/10/2019 11:30,-148,-54,-94
09/10/2019 11:45,-144,-50,-94
09/10/2019 12:00,-196,-101,-95
09/10/2019 12:15,-271,-176,-95
09/10/2019 12:30,-205,-110,-95
09/10/2019 12:45,-255,-161,-94
09/10/2019 13:00,-328,-236,-92
09/10/2019 13:15,-396,-311,-85
09/10/2019 13:30,-474,-386,-88
09/10/2019 13:45,-468,-374,-94
09/10/2019 14:00,-483,-388,-95
09/10/2019 14:15,-489,-402,-87
09/10/2019 14:30,-506,-416,-90
09/10/2019 14:45,-525,-430,-95
09/10/2019 15:00,-540,-448,-92
09/10/2019 15:15,-552,-469,-83
09/10/2019 15:30,-549,-467,-82
09/10/2019 15:45,-562,-467,-95
09/10/2019 16:00,-490,-467,-23
09/10/2019 16:15,-483,-468,-15
09/10/2019 16:30,-487,-472,-15
09/10/2019 16:45,-515,-482,-33
09/10/2019 17:00,-454,-407,-47
09/10/2019 17:15,-406,-388,-18
09/10/2019 17:30,-555,-463,-92
09/10/2019 17:45,-595,-500,-95
09/10/2019 18:00,-594,-500,-94
09/10/2019 18:15,-594,-500,-94
09/10/2019 18:30,-594,-500,-94
09/10/2019 18:45,-592,-497,-95
09/10/2019 19:00,-516,-422,-94
09/10/2019 19:15,-444,-350,-94
09/10/2019 19:30,-371,-277,-94
09/10/2019 19:45,-349,-291,-58
09/10/2019 20:00,-403,-333,-70
09/10/2019 20:15,-439,-386,-53
09/10/2019 20:30,-443,-390,-53
09/10/2019 20:45,-437,-400,-37
09/10/2019 21:00,-530,-437,-93
09/10/2019 21:15,-565,-471,-94
09/10/2019 21:30,-595,-500,-95
09/10/2019 21:45,-595,-500,-95
09/10/2019 22:00,-594,-500,-94
09/10/2019 22:15,-594,-500,-94
09/10/2019 22:30,-595,-500,-95
09/10/2019 22:45,-594,-500,-94
09/10/2019 23:00,-591,-500,-91
09/10/2019 23:15,-513,-497,-16
09/10/2019 23:30,-548,-498,-50
09/10/2019 23:45,-590,-500,-90
10/10/2019 00:00,-589,-500,-89
10/10/2019 00:15,-589,-500,-89
10/10/2019 00:30,-589,-500,-89
10/10/2019 00:45,-590,-500,-90
10/10/2019 01:00,-589,-500,-89
10/10/2019 01:15,-590,-500,-90
10/10/2019 01:30,-590,-500,-90
10/10/2019 01:45,-573,-483,-90
10/10/2019 02:00,-498,-408,-90
10/10/2019 02:15,-423,-333,-90
10/10/2019 02:30,-388,-299,-89
10/10/2019 02:45,-408,-318,-90
10/10/2019 03:00,-333,-243,-90
10/10/2019 03:15,-267,-177,-90
10/10/2019 03:30,-192,-102,-90
10/10/2019 03:45,-198,-109,-89
10/10/2019 04:00,-273,-184,-89
10/10/2019 04:15,-348,-259,-89
10/10/2019 04:30,-374,-285,-89
10/10/2019 04:45,-391,-302,-89
10/10/2019 05:00,-467,-377,-90
10/10/2019 05:15,-542,-452,-90
10/10/2019 05:30,-590,-500,-90
10/10/2019 05:45,-544,-455,-89
10/10/2019 06:00,-469,-380,-89
10/10/2019 06:15,-395,-305,-90
10/10/2019 06:30,-357,-267,-90
10/10/2019 06:45,-283,-194,-89
10/10/2019 07:00,-136,-119,-17
10/10/2019 07:15,43,-44,87
10/10/2019 07:30,111,0,111
10/10/2019 07:45,129,0,129
10/10/2019 08:00,203,0,203
10/10/2019 08:15,351,74,277
10/10/2019 08:30,500,149,351
10/10/2019 08:45,601,176,425
10/10/2019 09:00,471,101,370
10/10/2019 09:15,329,26,303
10/10/2019 09:30,377,0,377
10/10/2019 09:45,327,1,326
10/10/2019 10:00,254,1,253
10/10/2019 10:15,178,0,178
10/10/2019 10:30,130,0,130
10/10/2019 10:45,53,-39,92
10/10/2019 11:00,-97,-114,17
10/10/2019 11:15,-275,-189,-86
10/10/2019 11:30,-352,-263,-89
10/10/2019 11:45,-427,-338,-89
10/10/2019 12:00,-503,-413,-90
10/10/2019 12:15,-577,-488,-89
10/10/2019 12:30,-589,-500,-89
10/10/2019 12:45,-589,-500,-89
10/10/2019 13:00,-589,-500,-89
10/10/2019 13:15,-589,-500,-89
10/10/2019 13:30,-589,-500,-89
10/10/2019 13:45,-589,-500,-89
10/10/2019 14:00,-590,-500,-90
10/10/2019 14:15,-590,-500,-90
10/10/2019 14:30,-589,-500,-89
10/10/2019 14:45,-589,-500,-89
10/10/2019 15:00,-590,-500,-90
10/10/2019 15:15,-590,-500,-90
10/10/2019 15:30,-589,-500,-89
10/10/2019 15:45,-590,-500,-90
10/10/2019 16:00,-590,-500,-90
10/10/2019 16:15,-590,-500,-90
10/10/2019 16:30,-590,-500,-90
10/10/2019 16:45,-590,-500,-90
10/10/2019 17:00,-589,-500,-89
10/10/2019 17:15,-589,-500,-89
10/10/2019 17:30,-590,-500,-90
10/10/2019 17:45,-590,-500,-90
10/10/2019 18:00,-590,-500,-90
10/10/2019 18:15,-589,-500,-89
10/10/2019 18:30,-589,-500,-89
10/10/2019 18:45,-589,-500,-89
10/10/2019 19:00,-589,-500,-89
10/10/2019 19:15,-590,-500,-90
10/10/2019 19:30,-590,-500,-90
10/10/2019 19:45,-589,-500,-89
10/10/2019 20:00,-589,-500,-89
10/10/2019 20:15,-590,-500,-90
10/10/2019 20:30,-589,-500,-89
10/10/2019 20:45,-589,-500,-89
10/10/2019 21:00,-590,-500,-90
10/10/2019 21:15,-589,-500,-89
10/10/2019 21:30,-589,-500,-89
10/10/2019 21:45,-590,-500,-90
10/10/2019 22:00,-590,-500,-90
10/10/2019 22:15,-589,-500,-89
10/10/2019 22:30,-590,-500,-90
10/10/2019 22:45,-590,-500,-90
10/10/2019 23:00,-581,-500,-81
10/10/2019 23:15,-580,-500,-80
10/10/2019 23:30,-579,-500,-79
10/10/2019 23:45,-580,-500,-80
11/10/2019 00:00,-580,-500,-80
11/10/2019 00:15,-580,-500,-80
11/10/2019 00:30,-580,-500,-80
11/10/2019 00:45,-579,-500,-79
11/10/2019 01:00,-580,-500,-80
11/10/2019 01:15,-580,-500,-80
11/10/2019 01:30,-580,-500,-80
11/10/2019 01:45,-580,-500,-80
11/10/2019 02:00,-576,-500,-76
11/10/2019 02:15,-567,-500,-67
11/10/2019 02:30,-558,-500,-58
11/10/2019 02:45,-552,-500,-52
11/10/2019 03:00,-517,-500,-17
11/10/2019 03:15,-465,-483,18
11/10/2019 03:30,-481,-499,18
11/10/2019 03:45,-428,-476,48
11/10/2019 04:00,-382,-401,19
11/10/2019 04:15,-309,-326,17
11/10/2019 04:30,-308,-333,25
11/10/2019 04:45,-333,-350,17
11/10/2019 05:00,-258,-275,17
11/10/2019 05:15,-247,-201,-46
11/10/2019 05:30,-352,-275,-77
11/10/2019 05:45,-429,-350,-79
11/10/2019 06:00,-504,-425,-79
11/10/2019 06:15,-580,-500,-80
11/10/2019 06:30,-579,-500,-79
11/10/2019 06:45,-512,-432,-80
11/10/2019 07:00,-373,-357,-16
11/10/2019 07:15,-193,-282,89
11/10/2019 07:30,-70,-231,161
11/10/2019 07:45,-110,-203,93
11/10/2019 08:00,39,-128,167
11/10/2019 08:15,187,-53,240
11/10/2019 08:30,166,0,166
11/10/2019 08:45,92,0,92
11/10/2019 09:00,-47,-64,17
11/10/2019 09:15,-143,-128,-15
11/10/2019 09:30,-128,-53,-75
11/10/2019 09:45,-80,0,-80
11/10/2019 10:00,-67,0,-67
11/10/2019 10:15,-15,0,-15
11/10/2019 10:30,-15,0,-15
11/10/2019 10:45,-55,-40,-15
11/10/2019 11:00,-160,-115,-45
11/10/2019 11:15,-236,-190,-46
11/10/2019 11:30,-283,-242,-41
11/10/2019 11:45,-227,-186,-41
11/10/2019 12:00,-230,-198,-32
11/10/2019 12:15,-300,-273,-27
11/10/2019 12:30,-270,-254,-16
11/10/2019 12:45,-241,-226,-15
11/10/2019 13:00,-314,-299,-15
11/10/2019 13:15,-393,-353,-40
11/10/2019 13:30,-498,-420,-78
11/10/2019 13:45,-429,-350,-79
11/10/2019 14:00,-354,-275,-79
11/10/2019 14:15,-279,-200,-79
11/10/2019 14:30,-204,-125,-79
11/10/2019 14:45,-169,-90,-79
11/10/2019 15:00,-141,-62,-79
11/10/2019 15:15,-110,-30,-80
11/10/2019 15:30,-111,-32,-79
11/10/2019 15:45,-111,-31,-80
11/10/2019 16:00,-78,-1,-77
11/10/2019 16:15,-79,0,-79
11/10/2019 16:30,-51,-29,-22
11/10/2019 16:45,-119,-104,-15
11/10/2019 17:00,-51,-36,-15
11/10/2019 17:15,88,0,88
11/10/2019 17:30,162,0,162
11/10/2019 17:45,90,0,90
11/10/2019 18:00,19,0,19
11/10/2019 18:15,59,74,-15
11/10/2019 18:30,134,149,-15
11/10/2019 18:45,145,224,-79
11/10/2019 19:00,281,299,-18
11/10/2019 19:15,463,374,89
11/10/2019 19:30,556,449,107
11/10/2019 19:45,644,524,120
11/10/2019 20:00,724,530,194
11/10/2019 20:15,799,530,269
11/10/2019 20:30,867,524,343
11/10/2019 20:45,860,449,411
11/10/2019 21:00,713,374,339
11/10/2019 21:15,579,299,280
11/10/2019 21:30,537,224,313
11/10/2019 21:45,592,224,368
11/10/2019 22:00,590,175,415
11/10/2019 22:15,466,123,343
11/10/2019 22:30,410,140,270
11/10/2019 22:45,347,149,198
11/10/2019 23:00,277,156,121
11/10/2019 23:15,425,231,194
11/10/2019 23:30,519,250,269
11/10/2019 23:45,504,280,224
12/10/2019 00:00,566,355,211
12/10/2019 00:15,619,430,189
12/10/2019 00:30,623,476,147
12/10/2019 00:45,492,401,91
12/10/2019 01:00,343,326,17
12/10/2019 01:15,163,251,-88
12/10/2019 01:30,108,176,-68
12/10/2019 01:45,114,184,-70
12/10/2019 02:00,93,109,-16
12/10/2019 02:15,19,34,-15
12/10/2019 02:30,-23,0,-23
12/10/2019 02:45,-26,0,-26
12/10/2019 03:00,-59,0,-59
12/10/2019 03:15,-95,0,-95
12/10/2019 03:30,-96,0,-96
12/10/2019 03:45,-85,0,-85
12/10/2019 04:00,-76,0,-76
12/10/2019 04:15,-67,0,-67
12/10/2019 04:30,-55,0,-55
12/10/2019 04:45,-16,0,-16
12/10/2019 05:00,-91,0,-91
12/10/2019 05:15,-141,0,-141
12/10/2019 05:30,-160,0,-160
12/10/2019 05:45,-91,0,-91
12/10/2019 06:00,-16,0,-16
12/10/2019 06:15,88,0,88
12/10/2019 06:30,161,0,161
12/10/2019 06:45,181,0,181
12/10/2019 07:00,253,0,253
12/10/2019 07:15,336,8,328
12/10/2019 07:30,270,8,262
12/10/2019 07:45,274,82,192
12/10/2019 08:00,422,157,265
12/10/2019 08:15,570,232,338
12/10/2019 08:30,704,307,397
12/10/2019 08:45,729,293,436
12/10/2019 09:00,757,357,400
12/10/2019 09:15,789,421,368
12/10/2019 09:30,790,407,383
12/10/2019 09:45,798,405,393
12/10/2019 10:00,810,427,383
12/10/2019 10:15,820,450,370
12/10/2019 10:30,830,448,382
12/10/2019 10:45,849,448,401
12/10/2019 11:00,877,455,422
12/10/2019 11:15,854,463,391
12/10/2019 11:30,858,463,395
12/10/2019 11:45,855,459,396
12/10/2019 12:00,815,492,323
12/10/2019 12:15,825,522,303
12/10/2019 12:30,885,530,355
12/10/2019 12:45,931,505,426
12/10/2019 13:00,809,430,379
12/10/2019 13:15,695,355,340
12/10/2019 13:30,734,346,388
12/10/2019 13:45,832,393,439
12/10/2019 14:00,751,350,401
12/10/2019 14:15,682,313,369
12/10/2019 14:30,700,319,381
12/10/2019 14:45,698,311,387
12/10/2019 15:00,773,366,407
12/10/2019 15:15,868,441,427
12/10/2019 15:30,818,384,434
12/10/2019 15:45,825,395,430
12/10/2019 16:00,912,470,442
12/10/2019 16:15,962,530,432
12/10/2019 16:30,887,530,357
12/10/2019 16:45,795,506,289
12/10/2019 17:00,831,465,366
12/10/2019 17:15,850,410,440
12/10/2019 17:30,861,414,447
12/10/2019 17:45,817,413,404
12/10/2019 18:00,790,369,421
12/10/2019 18:15,840,425,415
12/10/2019 18:30,807,384,423
12/10/2019 18:45,835,402,433
12/10/2019 19:00,923,477,446
12/10/2019 19:15,978,530,448
12/10/2019 19:30,975,530,445
12/10/2019 19:45,970,530,440
12/10/2019 20:00,978,530,448
12/10/2019 20:15,977,530,447
12/10/2019 20:30,976,530,446
12/10/2019 20:45,978,530,448
12/10/2019 21:00,977,530,447
12/10/2019 21:15,978,530,448
12/10/2019 21:30,977,530,447
12/10/2019 21:45,977,530,447
12/10/2019 22:00,978,530,448
12/10/2019 22:15,977,530,447
12/10/2019 22:30,978,530,448
12/10/2019 22:45,978,530,448
12/10/2019 23:00,977,530,447
12/10/2019 23:15,830,456,374
12/10/2019 23:30,684,381,303
12/10/2019 23:45,559,306,253
13/10/2019 00:00,604,277,327
13/10/2019 00:15,740,341,399
13/10/2019 00:30,801,388,413
13/10/2019 00:45,744,333,411
13/10/2019 01:00,701,258,443
13/10/2019 01:15,630,183,447
13/10/2019 01:30,555,108,447
13/10/2019 01:45,581,133,448
13/10/2019 02:00,515,68,447
13/10/2019 02:15,576,129,447
13/10/2019 02:30,576,129,447
13/10/2019 02:45,643,196,447
13/10/2019 03:00,719,271,448
13/10/2019 03:15,793,346,447
13/10/2019 03:30,868,421,447
13/10/2019 03:45,820,400,420
13/10/2019 04:00,820,475,345
13/10/2019 04:15,806,530,276
13/10/2019 04:30,785,530,255
13/10/2019 04:45,829,530,299
13/10/2019 05:00,829,530,299
13/10/2019 05:15,837,530,307
13/10/2019 05:30,843,530,313
13/10/2019 05:45,827,530,297
13/10/2019 06:00,861,530,331
13/10/2019 06:15,877,530,347
13/10/2019 06:30,953,530,423
13/10/2019 06:45,951,504,447
13/10/2019 07:00,876,429,447
13/10/2019 07:15,813,366,447
13/10/2019 07:30,665,294,371
13/10/2019 07:45,664,365,299
13/10/2019 08:00,787,416,371
13/10/2019 08:15,919,481,438
13/10/2019 08:30,904,466,438
13/10/2019 08:45,832,467,365
13/10/2019 09:00,875,453,422
13/10/2019 09:15,887,441,446
13/10/2019 09:30,860,413,447
13/10/2019 09:45,828,381,447
13/10/2019 10:00,837,390,447
13/10/2019 10:15,844,397,447
13/10/2019 10:30,844,397,447
13/10/2019 10:45,844,397,447
13/10/2019 11:00,836,389,447
13/10/2019 11:15,909,462,447
13/10/2019 11:30,969,521,448
13/10/2019 11:45,894,446,448
13/10/2019 12:00,821,373,448
13/10/2019 12:15,798,351,447
13/10/2019 12:30,813,366,447
13/10/2019 12:45,814,366,448
13/10/2019 13:00,873,426,447
13/10/2019 13:15,936,488,448
13/10/2019 13:30,929,482,447
13/10/2019 13:45,938,491,447
13/10/2019 14:00,956,508,448
13/10/2019 14:15,974,526,448
13/10/2019 14:30,971,524,447
13/10/2019 14:45,973,526,447
13/10/2019 15:00,934,487,447
13/10/2019 15:15,893,445,448
13/10/2019 15:30,892,445,447
13/10/2019 15:45,882,434,448
13/10/2019 16:00,806,359,447
13/10/2019 16:15,735,287,448
13/10/2019 16:30,695,248,447
13/10/2019 16:45,640,193,447
13/10/2019 17:00,672,225,447
13/10/2019 17:15,635,234,401
13/10/2019 17:30,725,309,416
13/10/2019 17:45,653,248,405
13/10/2019 18:00,618,173,445
13/10/2019 18:15,546,98,448
13/10/2019 18:30,529,116,413
13/10/2019 18:45,530,191,339
13/10/2019 19:00,676,266,410
13/10/2019 19:15,788,341,447
13/10/2019 19:30,863,416,447
13/10/2019 19:45,922,475,447
13/10/2019 20:00,977,530,447
13/10/2019 20:15,977,530,447
13/10/2019 20:30,977,530,447
13/10/2019 20:45,978,530,448
13/10/2019 21:00,977,530,447
13/10/2019 21:15,977,530,447
13/10/2019 21:30,977,530,447
13/10/2019 21:45,978,530,448
13/10/2019 22:00,978,530,448
13/10/2019 22:15,977,530,447
13/10/2019 22:30,977,530,447
13/10/2019 22:45,977,530,447
13/10/2019 23:00,977,530,447
13/10/2019 23:15,888,456,432
13/10/2019 23:30,821,381,440
13/10/2019 23:45,754,306,448
14/10/2019 00:00,824,377,447
14/10/2019 00:15,885,437,448
14/10/2019 00:30,919,472,447
14/10/2019 00:45,858,411,447
14/10/2019 01:00,784,336,448
14/10/2019 01:15,709,261,448
14/10/2019 01:30,661,214,447
14/10/2019 01:45,594,179,415
14/10/2019 02:00,447,104,343
14/10/2019 02:15,293,29,264
14/10/2019 02:30,261,0,261
14/10/2019 02:45,330,0,330
14/10/2019 03:00,261,0,261
14/10/2019 03:15,215,0,215
14/10/2019 03:30,188,0,188
14/10/2019 03:45,175,0,175
14/10/2019 04:00,99,0,99
14/10/2019 04:15,36,0,36
14/10/2019 04:30,55,0,55
14/10/2019 04:45,65,0,65
14/10/2019 05:00,49,0,49
14/10/2019 05:15,26,0,26
14/10/2019 05:30,19,0,19
14/10/2019 05:45,-66,0,-66
14/10/2019 06:00,-92,0,-92
14/10/2019 06:15,-167,-74,-93
14/10/2019 06:30,-241,-149,-92
14/10/2019 06:45,-242,-164,-78
14/10/2019 07:00,-157,-139,-18
14/10/2019 07:15,-45,-111,66
14/10/2019 07:30,-96,-114,18
14/10/2019 07:45,-213,-127,-86
14/10/2019 08:00,-67,-52,-15
14/10/2019 08:15,86,0,86
14/10/2019 08:30,160,0,160
14/10/2019 08:45,240,0,240
14/10/2019 09:00,241,0,241
14/10/2019 09:15,167,0,167
14/10/2019 09:30,236,0,236
14/10/2019 09:45,255,0,255
14/10/2019 10:00,315,0,315
14/10/2019 10:15,386,0,386
14/10/2019 10:30,381,0,381
14/10/2019 10:45,411,0,411
14/10/2019 11:00,346,0,346
14/10/2019 11:15,439,74,365
14/10/2019 11:30,585,149,436
14/10/2019 11:45,619,224,395
14/10/2019 12:00,621,299,322
14/10/2019 12:15,620,374,246
14/10/2019 12:30,726,449,277
14/10/2019 12:45,856,524,332
14/10/2019 13:00,790,530,260
14/10/2019 13:15,691,504,187
14/10/2019 13:30,762,507,255
14/10/2019 13:45,834,508,326
14/10/2019 14:00,749,495,254
14/10/2019 14:15,675,480,195
14/10/2019 14:30,676,481,195
14/10/2019 14:45,739,476,263
14/10/2019 15:00,801,512,289
14/10/2019 15:15,762,439,323
14/10/2019 15:30,653,364,289
14/10/2019 15:45,600,289,311
14/10/2019 16:00,729,342,387
14/10/2019 16:15,864,417,447
14/10/2019 16:30,795,348,447
14/10/2019 16:45,763,315,448
14/10/2019 17:00,837,390,447
14/10/2019 17:15,912,465,447
14/10/2019 17:30,875,428,447
14/10/2019 17:45,818,370,448
14/10/2019 18:00,892,445,447
14/10/2019 18:15,967,520,447
14/10/2019 18:30,895,448,447
14/10/2019 18:45,836,388,448
14/10/2019 19:00,860,412,448
14/10/2019 19:15,934,487,447
14/10/2019 19:30,927,480,447
14/10/2019 19:45,915,468,447
14/10/2019 20:00,976,529,447
14/10/2019 20:15,977,530,447
14/10/2019 20:30,977,530,447
14/10/2019 20:45,977,530,447
14/10/2019 21:00,977,530,447
14/10/2019 21:15,977,530,447
14/10/2019 21:30,977,530,447
14/10/2019 21:45,977,530,447
14/10/2019 22:00,978,530,448
14/10/2019 22:15,977,530,447
14/10/2019 22:30,978,530,448
14/10/2019 22:45,978,530,448
14/10/2019 23:00,977,530,447
14/10/2019 23:15,869,456,413
14/10/2019 23:30,802,381,421
14/10/2019 23:45,719,306,413
15/10/2019 00:00,673,231,442
15/10/2019 00:15,753,306,447
15/10/2019 00:30,757,310,447
15/10/2019 00:45,683,235,448
15/10/2019 01:00,586,160,426
15/10/2019 01:15,446,85,361
15/10/2019 01:30,295,10,285
15/10/2019 01:45,338,0,338
15/10/2019 02:00,320,0,320
15/10/2019 02:15,307,0,307
15/10/2019 02:30,301,0,301
15/10/2019 02:45,286,0,286
15/10/2019 03:00,319,0,319
15/10/2019 03:15,363,0,363
15/10/2019 03:30,375,0,375
15/10/2019 03:45,391,0,391
15/10/2019 04:00,393,2,391
15/10/2019 04:15,442,77,365
15/10/2019 04:30,503,69,434
15/10/2019 04:45,483,52,431
15/10/2019 05:00,490,127,363
15/10/2019 05:15,488,202,286
15/10/2019 05:30,456,151,305
15/10/2019 05:45,363,76,287
15/10/2019 06:00,211,1,210
15/10/2019 06:15,110,-26,136
15/10/2019 06:30,86,-23,109
15/10/2019 06:45,157,-26,183
15/10/2019 07:00,256,-1,257
15/10/2019 07:15,405,74,331
15/10/2019 07:30,461,149,312
15/10/2019 07:45,500,224,276
15/10/2019 08:00,652,299,353
15/10/2019 08:15,801,374,427
15/10/2019 08:30,895,449,446
15/10/2019 08:45,857,452,405
15/10/2019 09:00,761,377,384
15/10/2019 09:15,639,302,337
15/10/2019 09:30,703,291,412
15/10/2019 09:45,726,279,447
15/10/2019 10:00,652,204,448
15/10/2019 10:15,539,129,410
15/10/2019 10:30,544,102,442
15/10/2019 10:45,536,133,403
15/10/2019 11:00,386,58,328
15/10/2019 11:15,251,0,251
15/10/2019 11:30,239,0,239
15/10/2019 11:45,234,0,234
15/10/2019 12:00,162,0,162
15/10/2019 12:15,85,0,85
15/10/2019 12:30,85,0,85
15/10/2019 12:45,28,-65,93
15/10/2019 13:00,-122,-140,18
15/10/2019 13:15,-302,-215,-87
15/10/2019 13:30,-342,-271,-71
15/10/2019 13:45,-339,-324,-15
15/10/2019 14:00,-460,-399,-61
15/10/2019 14:15,-568,-474,-94
15/10/2019 14:30,-499,-404,-95
15/10/2019 14:45,-428,-333,-95
15/10/2019 15:00,-349,-258,-91
15/10/2019 15:15,-361,-276,-85
15/10/2019 15:30,-443,-351,-92
15/10/2019 15:45,-521,-426,-95
15/10/2019 16:00,-564,-470,-94
15/10/2019 16:15,-561,-467,-94
15/10/2019 16:30,-593,-499,-94
15/10/2019 16:45,-594,-500,-94
15/10/2019 17:00,-595,-500,-95
15/10/2019 17:15,-594,-500,-94
15/10/2019 17:30,-594,-500,-94
15/10/2019 17:45,-594,-500,-94
15/10/2019 18:00,-594,-500,-94
15/10/2019 18:15,-595,-500,-95
15/10/2019 18:30,-594,-500,-94
15/10/2019 18:45,-595,-500,-95
15/10/2019 19:00,-594,-500,-94
15/10/2019 19:15,-595,-500,-95
15/10/2019 19:30,-595,-500,-95
15/10/2019 19:45,-538,-500,-38
15/10/2019 20:00,-593,-500,-93
15/10/2019 20:15,-593,-499,-94
15/10/2019 20:30,-518,-424,-94
15/10/2019 20:45,-418,-349,-69
15/10/2019 21:00,-506,-413,-93
15/10/2019 21:15,-582,-488,-94
15/10/2019 21:30,-504,-414,-90
15/10/2019 21:45,-433,-345,-88
15/10/2019 22:00,-514,-420,-94
15/10/2019 22:15,-589,-495,-94
15/10/2019 22:30,-595,-500,-95
15/10/2019 22:45,-594,-500,-94
15/10/2019 23:00,-595,-500,-95
15/10/2019 23:15,-598,-500,-98
15/10/2019 23:30,-599,-500,-99
15/10/2019 23:45,-598,-500,-98
16/10/2019 00:00,-599,-500,-99
16/10/2019 00:15,-599,-500,-99
16/10/2019 00:30,-598,-500,-98
16/10/2019 00:45,-599,-500,-99
16/10/2019 01:00,-599,-500,-99
16/10/2019 01:15,-599,-500,-99
16/10/2019 01:30,-599,-500,-99
16/10/2019 01:45,-598,-500,-98
16/10/2019 02:00,-599,-500,-99
16/10/2019 02:15,-600,-500,-100
16/10/2019 02:30,-599,-500,-99
16/10/2019 02:45,-593,-495,-98
16/10/2019 03:00,-519,-420,-99
16/10/2019 03:15,-444,-345,-99
16/10/2019 03:30,-369,-270,-99
16/10/2019 03:45,-264,-195,-69
16/10/2019 04:00,-216,-120,-96
16/10/2019 04:15,-143,-45,-98
16/10/2019 04:30,-115,-17,-98
16/10/2019 04:45,-163,-92,-71
16/10/2019 05:00,-263,-167,-96
16/10/2019 05:15,-333,-242,-91
16/10/2019 05:30,-334,-317,-17
16/10/2019 05:45,-250,-267,17
16/10/2019 06:00,-175,-192,17
16/10/2019 06:15,-205,-117,-88
16/10/2019 06:30,-58,-42,-16
16/10/2019 06:45,31,-57,88
16/10/2019 07:00,168,-1,169
16/10/2019 07:15,306,65,241
16/10/2019 07:30,287,50,237
16/10/2019 07:45,374,124,250
16/10/2019 08:00,522,199,323
16/10/2019 08:15,671,274,397
16/10/2019 08:30,795,349,446
16/10/2019 08:45,870,424,446
16/10/2019 09:00,849,421,428
16/10/2019 09:15,714,357,357
16/10/2019 09:30,695,297,398
16/10/2019 09:45,797,368,429
16/10/2019 10:00,800,381,419
16/10/2019 10:15,796,407,389
16/10/2019 10:30,847,404,443
16/10/2019 10:45,825,404,421
16/10/2019 11:00,760,411,349
16/10/2019 11:15,695,419,276
16/10/2019 11:30,655,424,231
16/10/2019 11:45,656,431,225
16/10/2019 12:00,648,431,217
16/10/2019 12:15,614,410,204
16/10/2019 12:30,655,479,176
16/10/2019 12:45,565,429,136
16/10/2019 13:00,493,354,139
16/10/2019 13:15,409,279,130
16/10/2019 13:30,338,204,134
16/10/2019 13:45,372,231,141
16/10/2019 14:00,370,242,128
16/10/2019 14:15,365,253,112
16/10/2019 14:30,370,253,117
16/10/2019 14:45,370,257,113
16/10/2019 15:00,263,224,39
16/10/2019 15:15,213,192,21
16/10/2019 15:30,213,158,55
16/10/2019 15:45,261,133,128
16/10/2019 16:00,262,58,204
16/10/2019 16:15,269,0,269
16/10/2019 16:30,194,0,194
16/10/2019 16:45,63,-53,116
16/10/2019 17:00,115,-1,116
16/10/2019 17:15,241,74,167
16/10/2019 17:30,184,90,94
16/10/2019 17:45,69,39,30
16/10/2019 18:00,17,0,17
16/10/2019 18:15,-162,-74,-88
16/10/2019 18:30,-248,-149,-99
16/10/2019 18:45,-323,-224,-99
16/10/2019 19:00,-398,-299,-99
16/10/2019 19:15,-453,-354,-99
16/10/2019 19:30,-448,-350,-98
16/10/2019 19:45,-446,-347,-99
16/10/2019 20:00,-520,-422,-98
16/10/2019 20:15,-485,-387,-98
16/10/2019 20:30,-411,-312,-99
16/10/2019 20:45,-284,-259,-25
16/10/2019 21:00,-413,-334,-79
16/10/2019 21:15,-508,-409,-99
16/10/2019 21:30,-470,-371,-99
16/10/2019 21:45,-355,-330,-25
16/10/2019 22:00,-477,-405,-72
16/10/2019 22:15,-578,-480,-98
16/10/2019 22:30,-599,-500,-99
16/10/2019 22:45,-566,-468,-98
16/10/2019 23:00,-550,-452,-98
16/10/2019 23:15,-640,-500,-140
16/10/2019 23:30,-640,-500,-140
16/10/2019 23:45,-640,-500,-140
17/10/2019 00:00,-640,-500,-140
17/10/2019 00:15,-640,-500,-140
17/10/2019 00:30,-640,-500,-140
17/10/2019 00:45,-640,-500,-140
17/10/2019 01:00,-640,-500,-140
17/10/2019 01:15,-640,-500,-140
17/10/2019 01:30,-640,-500,-140
17/10/2019 01:45,-640,-500,-140
17/10/2019 02:00,-640,-500,-140
17/10/2019 02:15,-640,-500,-140
17/10/2019 02:30,-640,-500,-140
17/10/2019 02:45,-640,-500,-140
17/10/2019 03:00,-640,-500,-140
17/10/2019 03:15,-640,-500,-140
17/10/2019 03:30,-640,-500,-140
17/10/2019 03:45,-640,-500,-140
17/10/2019 04:00,-640,-500,-140
17/10/2019 04:15,-640,-500,-140
17/10/2019 04:30,-640,-500,-140
17/10/2019 04:45,-640,-500,-140
17/10/2019 05:00,-640,-500,-140
17/10/2019 05:15,-640,-500,-140
17/10/2019 05:30,-640,-500,-140
17/10/2019 05:45,-640,-500,-140
17/10/2019 06:00,-641,-500,-141
17/10/2019 06:15,-640,-500,-140
17/10/2019 06:30,-640,-500,-140
17/10/2019 06:45,-640,-500,-140
17/10/2019 07:00,-640,-500,-140
17/10/2019 07:15,-640,-500,-140
17/10/2019 07:30,-640,-500,-140
17/10/2019 07:45,-585,-444,-141
17/10/2019 08:00,-509,-369,-140
17/10/2019 08:15,-434,-294,-140
17/10/2019 08:30,-359,-219,-140
17/10/2019 08:45,-382,-255,-127
17/10/2019 09:00,-404,-269,-135
17/10/2019 09:15,-423,-283,-140
17/10/2019 09:30,-362,-282,-80
17/10/2019 09:45,-288,-273,-15
17/10/2019 10:00,-386,-322,-64
17/10/2019 10:15,-462,-371,-91
17/10/2019 10:30,-379,-363,-16
17/10/2019 10:45,-359,-376,17
17/10/2019 11:00,-299,-316,17
17/10/2019 11:15,-152,-241,89
17/10/2019 11:30,-5,-172,167
17/10/2019 11:45,-5,-247,242
17/10/2019 12:00,116,-195,311
17/10/2019 12:15,143,-162,305
17/10/2019 12:30,173,-166,339
17/10/2019 12:45,215,-166,381
17/10/2019 13:00,184,-163,347
17/10/2019 13:15,153,-158,311
17/10/2019 13:30,164,-158,322
17/10/2019 13:45,163,-156,319
17/10/2019 14:00,128,-179,307
17/10/2019 14:15,83,-203,286
17/10/2019 14:30,80,-201,281
17/10/2019 14:45,86,-189,275
17/10/2019 15:00,0,-245,245
17/10/2019 15:15,-76,-303,227
17/10/2019 15:30,-130,-301,171
17/10/2019 15:45,-153,-246,93
17/10/2019 16:00,-32,-171,139
17/10/2019 16:15,-5,-96,91
17/10/2019 16:30,-19,-35,16
17/10/2019 16:45,-125,-110,-15
17/10/2019 17:00,-53,-38,-15
17/10/2019 17:15,89,0,89
17/10/2019 17:30,135,0,135
17/10/2019 17:45,134,0,134
17/10/2019 18:00,70,0,70
17/10/2019 18:15,50,0,50
17/10/2019 18:30,39,0,39
17/10/2019 18:45,112,0,112
17/10/2019 19:00,184,0,184
17/10/2019 19:15,333,74,259
17/10/2019 19:30,483,148,335
17/10/2019 19:45,486,81,405
17/10/2019 20:00,459,13,446
17/10/2019 20:15,435,58,377
17/10/2019 20:30,541,132,409
17/10/2019 20:45,442,75,367
17/10/2019 21:00,293,0,293
17/10/2019 21:15,144,-75,219
17/10/2019 21:30,139,-1,140
17/10/2019 21:45,95,4,91
17/10/2019 22:00,19,1,18
17/10/2019 22:15,-115,-40,-75
17/10/2019 22:30,-50,-1,-49
17/10/2019 22:45,-36,0,-36
17/10/2019 23:00,-25,0,-25
17/10/2019 23:15,153,74,79
17/10/2019 23:30,175,26,149
17/10/2019 23:45,216,0,216
18/10/2019 00:00,146,0,146
18/10/2019 00:15,74,0,74
18/10/2019 00:30,17,0,17
18/10/2019 00:45,17,0,17
18/10/2019 01:00,17,0,17
18/10/2019 01:15,-84,0,-84
18/10/2019 01:30,-92,0,-92
18/10/2019 01:45,-123,0,-123
18/10/2019 02:00,-124,0,-124
18/10/2019 02:15,-115,0,-115
18/10/2019 02:30,-131,0,-131
18/10/2019 02:45,-148,0,-148
18/10/2019 03:00,-154,0,-154
18/10/2019 03:15,-145,0,-145
18/10/2019 03:30,-145,0,-145
18/10/2019 03:45,-151,0,-151
18/10/2019 04:00,-118,0,-118
18/10/2019 04:15,-93,0,-93
18/10/2019 04:30,-19,0,-19
18/10/2019 04:45,-41,42,-83
18/10/2019 05:00,-160,1,-161
18/10/2019 05:15,-232,0,-232
18/10/2019 05:30,-171,0,-171
18/10/2019 05:45,-91,0,-91
18/10/2019 06:00,-17,0,-17
18/10/2019 06:15,10,-7,17
18/10/2019 06:30,82,-1,83
18/10/2019 06:45,199,38,161
18/10/2019 07:00,276,40,236
18/10/2019 07:15,376,66,310
18/10/2019 07:30,307,1,306
18/10/2019 07:45,314,31,283
18/10/2019 08:00,462,106,356
18/10/2019 08:15,610,181,429
18/10/2019 08:30,626,180,446
18/10/2019 08:45,656,210,446
18/10/2019 09:00,731,285,446
18/10/2019 09:15,805,360,445
18/10/2019 09:30,881,435,446
18/10/2019 09:45,956,510,446
18/10/2019 10:00,976,530,446
18/10/2019 10:15,976,530,446
18/10/2019 10:30,975,530,445
18/10/2019 10:45,976,530,446
18/10/2019 11:00,976,530,446
18/10/2019 11:15,977,530,447
18/10/2019 11:30,976,530,446
18/10/2019 11:45,977,530,447
18/10/2019 12:00,977,530,447
18/10/2019 12:15,976,530,446
18/10/2019 12:30,977,530,447
18/10/2019 12:45,977,530,447
18/10/2019 13:00,977,530,447
18/10/2019 13:15,976,530,446
18/10/2019 13:30,977,530,447
18/10/2019 13:45,976,530,446
18/10/2019 14:00,977,530,447
18/10/2019 14:15,976,530,446
18/10/2019 14:30,977,530,447
18/10/2019 14:45,977,530,447
18/10/2019 15:00,977,530,447
18/10/2019 15:15,977,530,447
18/10/2019 15:30,977,530,447
18/10/2019 15:45,977,530,447
18/10/2019 16:00,977,530,447
18/10/2019 16:15,976,530,446
18/10/2019 16:30,976,530,446
18/10/2019 16:45,977,530,447
18/10/2019 17:00,977,530,447
18/10/2019 17:15,977,530,447
18/10/2019 17:30,978,530,448
18/10/2019 17:45,977,530,447
18/10/2019 18:00,978,530,448
18/10/2019 18:15,960,530,430
18/10/2019 18:30,973,530,443
18/10/2019 18:45,977,530,447
18/10/2019 19:00,977,530,447
18/10/2019 19:15,977,530,447
18/10/2019 19:30,977,530,447
18/10/2019 19:45,978,530,448
18/10/2019 20:00,978,530,448
18/10/2019 20:15,977,530,447
18/10/2019 20:30,977,530,447
18/10/2019 20:45,978,530,448
18/10/2019 21:00,977,530,447
18/10/2019 21:15,977,530,447
18/10/2019 21:30,978,530,448
18/10/2019 21:45,963,530,433
18/10/2019 22:00,889,530,359
18/10/2019 22:15,827,530,297
18/10/2019 22:30,813,530,283
18/10/2019 22:45,881,530,351
18/10/2019 23:00,881,530,351
18/10/2019 23:15,878,456,422
18/10/2019 23:30,828,381,447
18/10/2019 23:45,745,306,439
19/10/2019 00:00,675,231,444
19/10/2019 00:15,625,222,403
19/10/2019 00:30,601,248,353
19/10/2019 00:45,549,196,353
19/10/2019 01:00,468,121,347
19/10/2019 01:15,375,46,329
19/10/2019 01:30,305,0,305
19/10/2019 01:45,298,0,298
19/10/2019 02:00,285,0,285
19/10/2019 02:15,269,0,269
19/10/2019 02:30,247,0,247
19/10/2019 02:45,231,0,231
19/10/2019 03:00,208,0,208
19/10/2019 03:15,258,0,258
19/10/2019 03:30,313,0,313
19/10/2019 03:45,311,0,311
19/10/2019 04:00,303,0,303
19/10/2019 04:15,305,0,305
19/10/2019 04:30,315,0,315
19/10/2019 04:45,297,0,297
19/10/2019 05:00,273,0,273
19/10/2019 05:15,204,0,204
19/10/2019 05:30,151,0,151
19/10/2019 05:45,224,0,224
19/10/2019 06:00,203,0,203
19/10/2019 06:15,196,28,168
19/10/2019 06:30,247,25,222
19/10/2019 06:45,365,99,266
19/10/2019 07:00,481,174,307
19/10/2019 07:15,630,249,381
19/10/2019 07:30,648,324,324
19/10/2019 07:45,532,254,278
19/10/2019 08:00,530,179,351
19/10/2019 08:15,529,104,425
19/10/2019 08:30,476,29,447
19/10/2019 08:45,484,37,447
19/10/2019 09:00,387,1,386
19/10/2019 09:15,313,0,313
19/10/2019 09:30,371,0,371
19/10/2019 09:45,405,0,405
19/10/2019 10:00,443,0,443
19/10/2019 10:15,448,0,448
19/10/2019 10:30,460,13,447
19/10/2019 10:45,536,88,448
19/10/2019 11:00,610,163,447
19/10/2019 11:15,686,238,448
19/10/2019 11:30,761,313,448
19/10/2019 11:45,784,363,421
19/10/2019 12:00,764,365,399
19/10/2019 12:15,756,379,377
19/10/2019 12:30,733,376,357
19/10/2019 12:45,713,376,337
19/10/2019 13:00,607,344,263
19/10/2019 13:15,512,284,228
19/10/2019 13:30,662,359,303
19/10/2019 13:45,748,371,377
19/10/2019 14:00,677,296,381
19/10/2019 14:15,528,221,307
19/10/2019 14:30,518,227,291
19/10/2019 14:45,525,243,282
19/10/2019 15:00,375,168,207
19/10/2019 15:15,225,93,132
19/10/2019 15:30,132,71,61
19/10/2019 15:45,237,141,96
19/10/2019 16:00,249,141,108
19/10/2019 16:15,218,80,138
19/10/2019 16:30,135,67,68
19/10/2019 16:45,95,47,48
19/10/2019 17:00,125,1,124
19/10/2019 17:15,201,0,201
19/10/2019 17:30,195,0,195
19/10/2019 17:45,123,0,123
19/10/2019 18:00,50,0,50
19/10/2019 18:15,52,0,52
19/10/2019 18:30,18,0,18
19/10/2019 18:45,2,-74,76
19/10/2019 19:00,106,-51,157
19/10/2019 19:15,231,0,231
19/10/2019 19:30,299,0,299
19/10/2019 19:45,273,0,273
19/10/2019 20:00,347,0,347
19/10/2019 20:15,495,74,421
19/10/2019 20:30,578,149,429
19/10/2019 20:45,489,108,381
19/10/2019 21:00,340,33,307
19/10/2019 21:15,233,0,233
19/10/2019 21:30,251,0,251
19/10/2019 21:45,231,0,231
19/10/2019 22:00,157,0,157
19/10/2019 22:15,8,-74,82
19/10/2019 22:30,-64,-81,17
19/10/2019 22:45,-76,-6,-70
19/10/2019 23:00,-124,0,-124
19/10/2019 23:15,-221,-74,-147
19/10/2019 23:30,-172,-51,-121
19/10/2019 23:45,-93,0,-93
20/10/2019 00:00,-65,0,-65
20/10/2019 00:15,-27,0,-27
20/10/2019 00:30,-17,0,-17
20/10/2019 00:45,56,0,56
20/10/2019 01:00,68,0,68
20/10/2019 01:15,95,0,95
20/10/2019 01:30,71,0,71
20/10/2019 01:45,46,0,46
20/10/2019 02:00,19,0,19
20/10/2019 02:15,-87,0,-87
20/10/2019 02:30,-69,0,-69
20/10/2019 02:45,-15,0,-15
20/10/2019 03:00,-156,-71,-85
20/10/2019 03:15,-307,-146,-161
20/10/2019 03:30,-313,-76,-237
20/10/2019 03:45,-259,-1,-258
20/10/2019 04:00,-294,-36,-258
20/10/2019 04:15,-369,-111,-258
20/10/2019 04:30,-328,-70,-258
20/10/2019 04:45,-291,-33,-258
20/10/2019 05:00,-366,-108,-258
20/10/2019 05:15,-441,-183,-258
20/10/2019 05:30,-420,-165,-255
20/10/2019 05:45,-464,-217,-247
20/10/2019 06:00,-541,-292,-249
20/10/2019 06:15,-625,-367,-258
20/10/2019 06:30,-681,-423,-258
20/10/2019 06:45,-606,-348,-258
20/10/2019 07:00,-530,-273,-257
20/10/2019 07:15,-456,-198,-258
20/10/2019 07:30,-462,-204,-258
20/10/2019 07:45,-446,-223,-223
20/10/2019 08:00,-294,-148,-146
20/10/2019 08:15,-142,-73,-69
20/10/2019 08:30,-186,-109,-77
20/10/2019 08:45,-253,-163,-90
20/10/2019 09:00,-105,-88,-17
20/10/2019 09:15,43,-13,56
20/10/2019 09:30,18,0,18
20/10/2019 09:45,-46,0,-46
20/10/2019 10:00,-78,0,-78
20/10/2019 10:15,-152,0,-152
20/10/2019 10:30,-76,0,-76
20/10/2019 10:45,-98,0,-98
20/10/2019 11:00,-175,0,-175
20/10/2019 11:15,-325,-74,-251
20/10/2019 11:30,-407,-149,-258
20/10/2019 11:45,-391,-133,-258
20/10/2019 12:00,-414,-156,-258
20/10/2019 12:15,-437,-180,-257
20/10/2019 12:30,-443,-186,-257
20/10/2019 12:45,-459,-201,-258
20/10/2019 13:00,-421,-164,-257
20/10/2019 13:15,-397,-139,-258
20/10/2019 13:30,-325,-67,-258
20/10/2019 13:45,-381,-124,-257
20/10/2019 14:00,-457,-199,-258
20/10/2019 14:15,-528,-271,-257
20/10/2019 14:30,-580,-323,-257
20/10/2019 14:45,-507,-249,-258
20/10/2019 15:00,-432,-174,-258
20/10/2019 15:15,-357,-99,-258
20/10/2019 15:30,-301,-43,-258
20/10/2019 15:45,-375,-118,-257
20/10/2019 16:00,-450,-193,-257
20/10/2019 16:15,-525,-268,-257
20/10/2019 16:30,-601,-343,-258
20/10/2019 16:45,-614,-357,-257
20/10/2019 17:00,-540,-282,-258
20/10/2019 17:15,-467,-209,-258
20/10/2019 17:30,-402,-144,-258
20/10/2019 17:45,-402,-144,-258
20/10/2019 18:00,-379,-122,-257
20/10/2019 18:15,-331,-74,-257
20/10/2019 18:30,-342,-149,-193
20/10/2019 18:45,-193,-76,-117
20/10/2019 19:00,-42,-1,-41
20/10/2019 19:15,59,74,-15
20/10/2019 19:30,134,149,-15
20/10/2019 19:45,170,83,87
20/10/2019 20:00,229,69,160
20/10/2019 20:15,258,43,215
20/10/2019 20:30,339,49,290
20/10/2019 20:45,412,73,339
20/10/2019 21:00,266,1,265
20/10/2019 21:15,118,-74,192
20/10/2019 21:30,212,-14,226
20/10/2019 21:45,273,0,273
20/10/2019 22:00,145,-54,199
20/10/2019 22:15,9,-120,129
20/10/2019 22:30,159,-45,204
20/10/2019 22:45,279,0,279
20/10/2019 23:00,352,0,352
20/10/2019 23:15,209,-74,283
20/10/2019 23:30,59,-149,208
20/10/2019 23:45,-29,-162,133
21/10/2019 00:00,-27,-87,60
21/10/2019 00:15,117,-12,129
21/10/2019 00:30,166,0,166
21/10/2019 00:45,237,0,237
21/10/2019 01:00,280,0,280
21/10/2019 01:15,205,0,205
21/10/2019 01:30,130,0,130
21/10/2019 01:45,76,0,76
21/10/2019 02:00,150,0,150
21/10/2019 02:15,222,0,222
21/10/2019 02:30,209,0,209
21/10/2019 02:45,174,0,174
21/10/2019 03:00,101,0,101
21/10/2019 03:15,148,0,148
21/10/2019 03:30,224,0,224
21/10/2019 03:45,297,0,297
21/10/2019 04:00,315,0,315
21/10/2019 04:15,241,0,241
21/10/2019 04:30,165,0,165
21/10/2019 04:45,167,74,93
21/10/2019 05:00,19,1,18
21/10/2019 05:15,-90,-36,-54
21/10/2019 05:30,-18,-1,-17
21/10/2019 05:45,24,0,24
21/10/2019 06:00,98,0,98
21/10/2019 06:15,180,0,180
21/10/2019 06:30,198,0,198
21/10/2019 06:45,311,74,237
21/10/2019 07:00,460,149,311
21/10/2019 07:15,608,224,384
21/10/2019 07:30,719,273,446
21/10/2019 07:45,764,318,446
21/10/2019 08:00,839,393,446
21/10/2019 08:15,914,468,446
21/10/2019 08:30,976,530,446
21/10/2019 08:45,976,530,446
21/10/2019 09:00,976,530,446
21/10/2019 09:15,976,530,446
21/10/2019 09:30,976,530,446
21/10/2019 09:45,976,530,446
21/10/2019 10:00,976,530,446
21/10/2019 10:15,977,530,447
21/10/2019 10:30,976,530,446
21/10/2019 10:45,977,530,447
21/10/2019 11:00,976,530,446
21/10/2019 11:15,975,530,445
21/10/2019 11:30,976,530,446
21/10/2019 11:45,977,530,447
21/10/2019 12:00,976,530,446
21/10/2019 12:15,977,530,447
21/10/2019 12:30,976,530,446
21/10/2019 12:45,977,530,447
21/10/2019 13:00,976,530,446
21/10/2019 13:15,976,530,446
21/10/2019 13:30,976,530,446
21/10/2019 13:45,976,530,446
21/10/2019 14:00,976,530,446
21/10/2019 14:15,976,530,446
21/10/2019 14:30,976,530,446
21/10/2019 14:45,977,530,447
21/10/2019 15:00,975,530,445
21/10/2019 15:15,976,530,446
21/10/2019 15:30,976,530,446
21/10/2019 15:45,976,530,446
21/10/2019 16:00,976,530,446
21/10/2019 16:15,976,530,446
21/10/2019 16:30,976,530,446
21/10/2019 16:45,976,530,446
21/10/2019 17:00,976,530,446
21/10/2019 17:15,976,530,446
21/10/2019 17:30,976,530,446
21/10/2019 17:45,976,530,446
21/10/2019 18:00,976,530,446
21/10/2019 18:15,976,530,446
21/10/2019 18:30,976,530,446
21/10/2019 18:45,976,530,446
21/10/2019 19:00,977,530,447
21/10/2019 19:15,976,530,446
21/10/2019 19:30,976,530,446
21/10/2019 19:45,976,530,446
21/10/2019 20:00,976,530,446
21/10/2019 20:15,976,530,446
21/10/2019 20:30,976,530,446
21/10/2019 20:45,976,530,446
21/10/2019 21:00,975,529,446
21/10/2019 21:15,976,530,446
21/10/2019 21:30,976,530,446
21/10/2019 21:45,976,530,446
21/10/2019 22:00,964,530,434
21/10/2019 22:15,900,530,370
21/10/2019 22:30,893,530,363
21/10/2019 22:45,963,530,433
21/10/2019 23:00,966,530,436
21/10/2019 23:15,820,456,364
21/10/2019 23:30,671,381,290
21/10/2019 23:45,523,306,217
22/10/2019 00:00,456,231,225
22/10/2019 00:15,397,156,241
22/10/2019 00:30,248,81,167
22/10/2019 00:45,98,6,92
22/10/2019 01:00,19,0,19
22/10/2019 01:15,-14,0,-14
22/10/2019 01:30,-65,0,-65
22/10/2019 01:45,-139,0,-139
22/10/2019 02:00,-170,0,-170
22/10/2019 02:15,-158,0,-158
22/10/2019 02:30,-131,0,-131
22/10/2019 02:45,-69,0,-69
22/10/2019 03:00,-145,0,-145
22/10/2019 03:15,-262,-74,-188
22/10/2019 03:30,-219,-31,-188
22/10/2019 03:45,-182,-18,-164
22/10/2019 04:00,-279,-93,-186
22/10/2019 04:15,-356,-168,-188
22/10/2019 04:30,-328,-140,-188
22/10/2019 04:45,-228,-116,-112
22/10/2019 05:00,-355,-191,-164
22/10/2019 05:15,-454,-266,-188
22/10/2019 05:30,-455,-267,-188
22/10/2019 05:45,-403,-215,-188
22/10/2019 06:00,-328,-140,-188
22/10/2019 06:15,-205,-65,-140
22/10/2019 06:30,-65,0,-65
22/10/2019 06:45,-33,-10,-23
22/10/2019 07:00,-182,-85,-97
22/10/2019 07:15,-321,-148,-173
22/10/2019 07:30,-390,-223,-167
22/10/2019 07:45,-243,-151,-92
22/10/2019 08:00,-94,-77,-17
22/10/2019 08:15,85,-2,87
22/10/2019 08:30,160,0,160
22/10/2019 08:45,90,0,90
22/10/2019 09:00,17,0,17
22/10/2019 09:15,-15,0,-15
22/10/2019 09:30,-15,0,-15
22/10/2019 09:45,87,0,87
22/10/2019 10:00,52,0,52
22/10/2019 10:15,17,0,17
22/10/2019 10:30,54,0,54
22/10/2019 10:45,127,0,127
22/10/2019 11:00,182,0,182
22/10/2019 11:15,112,4,108
22/10/2019 11:30,130,4,126
22/10/2019 11:45,195,4,191
22/10/2019 12:00,202,11,191
22/10/2019 12:15,203,19,184
22/10/2019 12:30,186,19,167
22/10/2019 12:45,112,20,92
22/10/2019 13:00,19,1,18
22/10/2019 13:15,-87,0,-87
22/10/2019 13:30,-162,0,-162
22/10/2019 13:45,-190,-2,-188
22/10/2019 14:00,-192,-3,-189
22/10/2019 14:15,-193,-5,-188
22/10/2019 14:30,-204,-16,-188
22/10/2019 14:45,-217,-29,-188
22/10/2019 15:00,-233,-44,-189
22/10/2019 15:15,-262,-73,-189
22/10/2019 15:30,-212,-22,-190
22/10/2019 15:45,-275,-86,-189
22/10/2019 16:00,-350,-161,-189
22/10/2019 16:15,-425,-236,-189
22/10/2019 16:30,-500,-311,-189
22/10/2019 16:45,-544,-355,-189
22/10/2019 17:00,-469,-280,-189
22/10/2019 17:15,-431,-242,-189
22/10/2019 17:30,-507,-317,-190
22/10/2019 17:45,-501,-312,-189
22/10/2019 18:00,-426,-237,-189
22/10/2019 18:15,-351,-162,-189
22/10/2019 18:30,-330,-141,-189
22/10/2019 18:45,-365,-176,-189
22/10/2019 19:00,-290,-101,-189
22/10/2019 19:15,-215,-26,-189
22/10/2019 19:30,-168,-45,-123
22/10/2019 19:45,-179,-120,-59
22/10/2019 20:00,-329,-195,-134
22/10/2019 20:15,-458,-270,-188
22/10/2019 20:30,-464,-276,-188
22/10/2019 20:45,-389,-201,-188
22/10/2019 21:00,-249,-126,-123
22/10/2019 21:15,-112,-51,-61
22/10/2019 21:30,-76,-61,-15
22/10/2019 21:45,-187,-136,-51
22/10/2019 22:00,-337,-211,-126
22/10/2019 22:15,-474,-286,-188
22/10/2019 22:30,-549,-361,-188
22/10/2019 22:45,-448,-288,-160
22/10/2019 23:00,-298,-213,-85
22/10/2019 23:15,-371,-287,-84
22/10/2019 23:30,-446,-362,-84
22/10/2019 23:45,-482,-398,-84
23/10/2019 00:00,-557,-473,-84
23/10/2019 00:15,-585,-500,-85
23/10/2019 00:30,-585,-500,-85
23/10/2019 00:45,-585,-500,-85
23/10/2019 01:00,-585,-500,-85
23/10/2019 01:15,-585,-500,-85
23/10/2019 01:30,-585,-500,-85
23/10/2019 01:45,-585,-500,-85
23/10/2019 02:00,-585,-500,-85
23/10/2019 02:15,-585,-500,-85
23/10/2019 02:30,-585,-500,-85
23/10/2019 02:45,-585,-500,-85
23/10/2019 03:00,-585,-500,-85
23/10/2019 03:15,-585,-500,-85
23/10/2019 03:30,-585,-500,-85
23/10/2019 03:45,-585,-500,-85
23/10/2019 04:00,-585,-500,-85
23/10/2019 04:15,-585,-500,-85
23/10/2019 04:30,-585,-500,-85
23/10/2019 04:45,-585,-500,-85
23/10/2019 05:00,-585,-500,-85
23/10/2019 05:15,-585,-500,-85
23/10/2019 05:30,-585,-500,-85
23/10/2019 05:45,-585,-500,-85
23/10/2019 06:00,-584,-500,-84
23/10/2019 06:15,-585,-500,-85
23/10/2019 06:30,-584,-500,-84
23/10/2019 06:45,-584,-500,-84
23/10/2019 07:00,-585,-500,-85
23/10/2019 07:15,-584,-500,-84
23/10/2019 07:30,-584,-500,-84
23/10/2019 07:45,-584,-500,-84
23/10/2019 08:00,-584,-500,-84
23/10/2019 08:15,-584,-500,-84
23/10/2019 08:30,-584,-500,-84
23/10/2019 08:45,-584,-500,-84
23/10/2019 09:00,-584,-500,-84
23/10/2019 09:15,-584,-500,-84
23/10/2019 09:30,-584,-500,-84
23/10/2019 09:45,-584,-500,-84
23/10/2019 10:00,-585,-500,-85
23/10/2019 10:15,-584,-500,-84
23/10/2019 10:30,-584,-500,-84
23/10/2019 10:45,-583,-500,-83
23/10/2019 11:00,-584,-500,-84
23/10/2019 11:15,-584,-500,-84
23/10/2019 11:30,-584,-500,-84
23/10/2019 11:45,-584,-500,-84
23/10/2019 12:00,-584,-500,-84
23/10/2019 12:15,-584,-500,-84
23/10/2019 12:30,-584,-500,-84
23/10/2019 12:45,-584,-500,-84
23/10/2019 13:00,-584,-500,-84
23/10/2019 13:15,-584,-500,-84
23/10/2019 13:30,-584,-500,-84
23/10/2019 13:45,-584,-500,-84
23/10/2019 14:00,-584,-500,-84
23/10/2019 14:15,-584,-500,-84
23/10/2019 14:30,-584,-500,-84
23/10/2019 14:45,-583,-500,-83
23/10/2019 15:00,-584,-500,-84
23/10/2019 15:15,-584,-500,-84
23/10/2019 15:30,-584,-500,-84
23/10/2019 15:45,-583,-500,-83
23/10/2019 16:00,-584,-500,-84
23/10/2019 16:15,-584,-500,-84
23/10/2019 16:30,-584,-500,-84
23/10/2019 16:45,-584,-500,-84
23/10/2019 17:00,-584,-500,-84
23/10/2019 17:15,-583,-500,-83
23/10/2019 17:30,-584,-500,-84
23/10/2019 17:45,-584,-500,-84
23/10/2019 18:00,-513,-433,-80
23/10/2019 18:15,-435,-358,-77
23/10/2019 18:30,-381,-322,-59
23/10/2019 18:45,-285,-249,-36
23/10/2019 19:00,-189,-174,-15
23/10/2019 19:15,-48,-99,51
23/10/2019 19:30,59,-24,83
23/10/2019 19:45,89,-35,124
23/10/2019 20:00,104,-1,105
23/10/2019 20:15,92,0,92
23/10/2019 20:30,102,0,102
23/10/2019 20:45,100,-14,114
23/10/2019 21:00,-5,-89,84
23/10/2019 21:15,-113,-164,51
23/10/2019 21:30,-86,-127,41
23/10/2019 21:45,-45,-68,23
23/10/2019 22:00,-126,-143,17
23/10/2019 22:15,-302,-218,-84
23/10/2019 22:30,-180,-164,-16
23/10/2019 22:45,-56,-89,33
23/10/2019 23:00,33,-14,47
23/10/2019 23:15,122,0,122
23/10/2019 23:30,78,0,78
23/10/2019 23:45,18,0,18
24/10/2019 00:00,17,0,17
24/10/2019 00:15,18,0,18
24/10/2019 00:30,17,0,17
24/10/2019 00:45,-25,0,-25
24/10/2019 01:00,-16,0,-16
24/10/2019 01:15,-5,-46,41
24/10/2019 01:30,-62,-80,18
24/10/2019 01:45,-204,-117,-87
24/10/2019 02:00,-243,-131,-112
24/10/2019 02:15,-264,-152,-112
24/10/2019 02:30,-256,-147,-109
24/10/2019 02:45,-242,-139,-103
24/10/2019 03:00,-275,-164,-111
24/10/2019 03:15,-302,-189,-113
24/10/2019 03:30,-299,-187,-112
24/10/2019 03:45,-298,-186,-112
24/10/2019 04:00,-299,-202,-97
24/10/2019 04:15,-279,-219,-60
24/10/2019 04:30,-287,-218,-69
24/10/2019 04:45,-252,-218,-34
24/10/2019 05:00,-334,-224,-110
24/10/2019 05:15,-344,-232,-112
24/10/2019 05:30,-345,-232,-113
24/10/2019 05:45,-354,-248,-106
24/10/2019 06:00,-274,-174,-100
24/10/2019 06:15,-206,-113,-93
24/10/2019 06:30,-152,-41,-111
24/10/2019 06:45,-224,-112,-112
24/10/2019 07:00,-252,-187,-65
24/10/2019 07:15,-277,-262,-15
24/10/2019 07:30,-356,-285,-71
24/10/2019 07:45,-313,-221,-92
24/10/2019 08:00,-162,-146,-16
24/10/2019 08:15,-54,-71,17
24/10/2019 08:30,18,0,18
24/10/2019 08:45,18,0,18
24/10/2019 09:00,18,0,18
24/10/2019 09:15,-29,0,-29
24/10/2019 09:30,-26,0,-26
24/10/2019 09:45,-20,0,-20
24/10/2019 10:00,-18,0,-18
24/10/2019 10:15,88,0,88
24/10/2019 10:30,92,0,92
24/10/2019 10:45,117,0,117
24/10/2019 11:00,134,0,134
24/10/2019 11:15,283,74,209
24/10/2019 11:30,432,149,283
24/10/2019 11:45,472,115,357
24/10/2019 12:00,517,88,429
24/10/2019 12:15,476,30,446
24/10/2019 12:30,551,105,446
24/10/2019 12:45,522,76,446
24/10/2019 13:00,447,1,446
24/10/2019 13:15,416,-10,426
24/10/2019 13:30,410,-1,411
24/10/2019 13:45,385,0,385
24/10/2019 14:00,402,0,402
24/10/2019 14:15,366,-32,398
24/10/2019 14:30,385,-1,386
24/10/2019 14:45,361,0,361
24/10/2019 15:00,369,0,369
24/10/2019 15:15,399,0,399
24/10/2019 15:30,322,0,322
24/10/2019 15:45,229,-26,255
24/10/2019 16:00,332,-1,333
24/10/2019 16:15,480,74,406
24/10/2019 16:30,420,75,345
24/10/2019 16:45,379,93,286
24/10/2019 17:00,529,168,361
24/10/2019 17:15,678,243,435
24/10/2019 17:30,705,259,446
24/10/2019 17:45,717,271,446
24/10/2019 18:00,793,346,447
24/10/2019 18:15,867,420,447
24/10/2019 18:30,911,463,448
24/10/2019 18:45,902,454,448
24/10/2019 19:00,977,529,448
24/10/2019 19:15,977,530,447
24/10/2019 19:30,978,530,448
24/10/2019 19:45,977,530,447
24/10/2019 20:00,977,530,447
24/10/2019 20:15,977,530,447
24/10/2019 20:30,977,530,447
24/10/2019 20:45,977,530,447
24/10/2019 21:00,978,530,448
24/10/2019 21:15,978,530,448
24/10/2019 21:30,978,530,448
24/10/2019 21:45,977,530,447
24/10/2019 22:00,977,530,447
24/10/2019 22:15,976,529,447
24/10/2019 22:30,977,530,447
24/10/2019 22:45,978,530,448
24/10/2019 23:00,978,530,448
24/10/2019 23:15,831,456,375
24/10/2019 23:30,682,381,301
24/10/2019 23:45,533,306,227
25/10/2019 00:00,479,231,248
25/10/2019 00:15,477,156,321
25/10/2019 00:30,407,81,326
25/10/2019 00:45,258,6,252
25/10/2019 01:00,179,0,179
25/10/2019 01:15,103,0,103
25/10/2019 01:30,30,0,30
25/10/2019 01:45,18,0,18
25/10/2019 02:00,17,0,17
25/10/2019 02:15,-67,0,-67
25/10/2019 02:30,-72,0,-72
25/10/2019 02:45,-86,0,-86
25/10/2019 03:00,-75,0,-75
25/10/2019 03:15,-74,0,-74
25/10/2019 03:30,-74,0,-74
25/10/2019 03:45,-69,0,-69
25/10/2019 04:00,-110,0,-110
25/10/2019 04:15,-114,-3,-111
25/10/2019 04:30,-112,-1,-111
25/10/2019 04:45,-110,0,-110
25/10/2019 05:00,-111,0,-111
25/10/2019 05:15,-92,0,-92
25/10/2019 05:30,-16,0,-16
25/10/2019 05:45,21,0,21
25/10/2019 06:00,98,0,98
25/10/2019 06:15,177,0,177
25/10/2019 06:30,247,0,247
25/10/2019 06:45,377,74,303
25/10/2019 07:00,531,149,382
25/10/2019 07:15,669,224,445
25/10/2019 07:30,744,299,445
25/10/2019 07:45,781,335,446
25/10/2019 08:00,856,410,446
25/10/2019 08:15,931,485,446
25/10/2019 08:30,976,530,446
25/10/2019 08:45,976,530,446
25/10/2019 09:00,976,530,446
25/10/2019 09:15,976,530,446
25/10/2019 09:30,976,530,446
25/10/2019 09:45,976,530,446
25/10/2019 10:00,976,530,446
25/10/2019 10:15,976,530,446
25/10/2019 10:30,975,530,445
25/10/2019 10:45,976,530,446
25/10/2019 11:00,976,530,446
25/10/2019 11:15,976,530,446
25/10/2019 11:30,977,530,447
25/10/2019 11:45,976,530,446
25/10/2019 12:00,976,530,446
25/10/2019 12:15,976,530,446
25/10/2019 12:30,975,530,445
25/10/2019 12:45,976,530,446
25/10/2019 13:00,976,530,446
25/10/2019 13:15,976,530,446
25/10/2019 13:30,976,530,446
25/10/2019 13:45,977,530,447
25/10/2019 14:00,976,530,446
25/10/2019 14:15,976,530,446
25/10/2019 14:30,976,530,446
25/10/2019 14:45,976,530,446
25/10/2019 15:00,976,530,446
25/10/2019 15:15,976,530,446
25/10/2019 15:30,976,530,446
25/10/2019 15:45,976,530,446
25/10/2019 16:00,977,530,447
25/10/2019 16:15,976,530,446
25/10/2019 16:30,976,530,446
25/10/2019 16:45,976,530,446
25/10/2019 17:00,976,530,446
25/10/2019 17:15,976,530,446
25/10/2019 17:30,976,530,446
25/10/2019 17:45,977,530,447
25/10/2019 18:00,976,530,446
25/10/2019 18:15,976,530,446
25/10/2019 18:30,976,530,446
25/10/2019 18:45,976,530,446
25/10/2019 19:00,976,530,446
25/10/2019 19:15,976,530,446
25/10/2019 19:30,976,530,446
25/10/2019 19:45,976,530,446
25/10/2019 20:00,977,530,447
25/10/2019 20:15,977,530,447
25/10/2019 20:30,977,530,447
25/10/2019 20:45,976,530,446
25/10/2019 21:00,977,530,447
25/10/2019 21:15,976,530,446
25/10/2019 21:30,976,530,446
25/10/2019 21:45,976,530,446
25/10/2019 22:00,968,522,446
25/10/2019 22:15,893,447,446
25/10/2019 22:30,878,431,447
25/10/2019 22:45,905,459,446
25/10/2019 23:00,903,456,447
25/10/2019 23:15,754,381,373
25/10/2019 23:30,607,306,301
25/10/2019 23:45,505,231,274
26/10/2019 00:00,502,156,346
26/10/2019 00:15,503,81,422
26/10/2019 00:30,581,135,446
26/10/2019 00:45,654,208,446
26/10/2019 01:00,659,213,446
26/10/2019 01:15,540,139,401
26/10/2019 01:30,540,201,339
26/10/2019 01:45,438,174,264
26/10/2019 02:00,288,99,189
26/10/2019 02:15,140,24,116
26/10/2019 02:30,41,0,41
26/10/2019 02:45,71,5,66
26/10/2019 03:00,18,1,17
26/10/2019 03:15,-103,-15,-88
26/10/2019 03:30,-123,-14,-109
26/10/2019 03:45,-119,-11,-108
26/10/2019 04:00,-144,-36,-108
26/10/2019 04:15,-172,-63,-109
26/10/2019 04:30,-163,-55,-108
26/10/2019 04:45,-166,-58,-108
26/10/2019 05:00,-110,-1,-109
26/10/2019 05:15,-109,0,-109
26/10/2019 05:30,-108,0,-108
26/10/2019 05:45,-43,0,-43
26/10/2019 06:00,-44,0,-44
26/10/2019 06:15,-53,0,-53
26/10/2019 06:30,-18,0,-18
26/10/2019 06:45,66,0,66
26/10/2019 07:00,147,0,147
26/10/2019 07:15,221,0,221
26/10/2019 07:30,245,0,245
26/10/2019 07:45,253,0,253
26/10/2019 08:00,327,0,327
26/10/2019 08:15,472,74,398
26/10/2019 08:30,531,85,446
26/10/2019 08:45,472,27,445
26/10/2019 09:00,473,27,446
26/10/2019 09:15,457,11,446
26/10/2019 09:30,485,39,446
26/10/2019 09:45,514,68,446
26/10/2019 10:00,496,50,446
26/10/2019 10:15,479,33,446
26/10/2019 10:30,480,34,446
26/10/2019 10:45,426,39,387
26/10/2019 11:00,315,1,314
26/10/2019 11:15,385,0,385
26/10/2019 11:30,364,0,364
26/10/2019 11:45,306,0,306
26/10/2019 12:00,233,0,233
26/10/2019 12:15,116,-40,156
26/10/2019 12:30,112,-8,120
26/10/2019 12:45,17,-75,92
26/10/2019 13:00,-134,-150,16
26/10/2019 13:15,-243,-225,-18
26/10/2019 13:30,-325,-284,-41
26/10/2019 13:45,-280,-211,-69
26/10/2019 14:00,-292,-210,-82
26/10/2019 14:15,-356,-257,-99
26/10/2019 14:30,-391,-282,-109
26/10/2019 14:45,-333,-243,-90
26/10/2019 15:00,-185,-168,-17
26/10/2019 15:15,-25,-93,68
26/10/2019 15:30,-68,-87,19
26/10/2019 15:45,-159,-144,-15
26/10/2019 16:00,-130,-69,-61
26/10/2019 16:15,-111,-3,-108
26/10/2019 16:30,-187,-78,-109
26/10/2019 16:45,-243,-153,-90
26/10/2019 17:00,-100,-85,-15
26/10/2019 17:15,7,-10,17
26/10/2019 17:30,-62,-79,17
26/10/2019 17:45,-239,-153,-86
26/10/2019 18:00,-94,-78,-16
26/10/2019 18:15,86,-3,89
26/10/2019 18:30,83,0,83
26/10/2019 18:45,128,0,128
26/10/2019 19:00,203,0,203
26/10/2019 19:15,277,0,277
26/10/2019 19:30,301,0,301
26/10/2019 19:45,229,0,229
26/10/2019 20:00,155,0,155
26/10/2019 20:15,81,0,81
26/10/2019 20:30,75,0,75
26/10/2019 20:45,143,0,143
26/10/2019 21:00,84,0,84
26/10/2019 21:15,113,74,39
26/10/2019 21:30,213,149,64
26/10/2019 21:45,329,224,105
26/10/2019 22:00,271,243,28
26/10/2019 22:15,228,183,45
26/10/2019 22:30,282,165,117
26/10/2019 22:45,428,232,196
26/10/2019 23:00,499,232,267
26/10/2019 23:15,355,158,197
26/10/2019 23:30,204,83,121
26/10/2019 23:45,54,8,46
27/10/2019 00:00,-123,-67,-56
27/10/2019 00:15,-243,-142,-101
27/10/2019 00:30,-224,-124,-100
27/10/2019 00:45,-123,-52,-71
27/10/2019 01:00,-18,0,-18
27/10/2019 01:15,71,0,71
27/10/2019 01:30,18,0,18
27/10/2019 01:45,-103,-14,-89
27/10/2019 02:00,-15,0,-15
27/10/2019 02:15,84,-2,86
27/10/2019 02:30,168,-2,170
27/10/2019 02:45,243,0,243
27/10/2019 03:00,310,0,310
27/10/2019 03:15,301,0,301
27/10/2019 03:30,338,0,338
27/10/2019 03:45,381,0,381
27/10/2019 04:00,358,0,358
27/10/2019 04:15,335,0,335
27/10/2019 04:30,366,0,366
27/10/2019 04:45,387,0,387
27/10/2019 05:00,317,0,317
27/10/2019 05:15,315,74,241
27/10/2019 05:30,310,142,168
27/10/2019 05:45,162,67,95
27/10/2019 06:00,22,0,22
27/10/2019 06:15,-156,-74,-82
27/10/2019 06:30,-201,-101,-100
27/10/2019 06:45,-117,-26,-91
27/10/2019 07:00,-17,0,-17
27/10/2019 07:15,161,74,87
27/10/2019 07:30,309,149,160
27/10/2019 07:45,167,76,91
27/10/2019 08:00,18,1,17
27/10/2019 08:15,-21,-6,-15
27/10/2019 08:30,-94,-6,-88
27/10/2019 08:45,-99,-7,-92
27/10/2019 09:00,-18,-1,-17
27/10/2019 09:15,87,0,87
27/10/2019 09:30,95,0,95
27/10/2019 09:45,105,0,105
27/10/2019 10:00,180,0,180
27/10/2019 10:15,256,0,256
27/10/2019 10:30,244,0,244
27/10/2019 10:45,234,0,234
27/10/2019 11:00,308,0,308
27/10/2019 11:15,403,19,384
27/10/2019 11:30,447,1,446
27/10/2019 11:45,412,0,412
27/10/2019 12:00,390,0,390
27/10/2019 12:15,358,0,358
27/10/2019 12:30,375,0,375
27/10/2019 12:45,394,0,394
27/10/2019 13:00,383,0,383
27/10/2019 13:15,381,0,381
27/10/2019 13:30,318,0,318
27/10/2019 13:45,291,0,291
27/10/2019 14:00,350,0,350
27/10/2019 14:15,413,0,413
27/10/2019 14:30,403,0,403
27/10/2019 14:45,387,0,387
27/10/2019 15:00,442,0,442
27/10/2019 15:15,521,74,447
27/10/2019 15:30,466,38,428
27/10/2019 15:45,408,59,349
27/10/2019 16:00,548,134,414
27/10/2019 16:15,656,209,447
27/10/2019 16:30,730,284,446
27/10/2019 16:45,608,235,373
27/10/2019 17:00,578,162,416
27/10/2019 17:15,594,147,447
27/10/2019 17:30,634,188,446
27/10/2019 17:45,675,229,446
27/10/2019 18:00,681,241,440
27/10/2019 18:15,713,281,432
27/10/2019 18:30,632,206,426
27/10/2019 18:45,638,213,425
27/10/2019 19:00,675,288,387
27/10/2019 19:15,712,363,349
27/10/2019 19:30,735,374,361
27/10/2019 19:45,669,299,370
27/10/2019 20:00,612,224,388
27/10/2019 20:15,562,149,413
27/10/2019 20:30,458,74,384
27/10/2019 20:45,407,49,358
27/10/2019 21:00,471,123,348
27/10/2019 21:15,487,179,308
27/10/2019 21:30,623,239,384
27/10/2019 21:45,527,180,347
27/10/2019 22:00,383,105,278
27/10/2019 22:15,232,30,202
27/10/2019 22:30,126,0,126
27/10/2019 22:45,172,0,172
27/10/2019 23:00,166,0,166
27/10/2019 23:15,284,50,234
27/10/2019 23:30,315,1,314
27/10/2019 23:45,337,0,337
28/10/2019 00:00,280,0,280
28/10/2019 00:15,221,0,221
28/10/2019 00:30,218,0,218
28/10/2019 00:45,218,0,218
28/10/2019 01:00,147,0,147
28/10/2019 01:15,93,0,93
28/10/2019 01:30,79,0,79
28/10/2019 01:45,35,0,35
28/10/2019 02:00,17,0,17
28/10/2019 02:15,-86,0,-86
28/10/2019 02:30,-36,0,-36
28/10/2019 02:45,-30,0,-30
28/10/2019 03:00,-105,0,-105
28/10/2019 03:15,-185,-6,-179
28/10/2019 03:30,-204,-1,-203
28/10/2019 03:45,-128,0,-128
28/10/2019 04:00,-196,-3,-193
28/10/2019 04:15,-282,-78,-204
28/10/2019 04:30,-260,-126,-134
28/10/2019 04:45,-259,-199,-60
28/10/2019 05:00,-398,-274,-124
28/10/2019 05:15,-550,-349,-201
28/10/2019 05:30,-628,-424,-204
28/10/2019 05:45,-700,-495,-205
28/10/2019 06:00,-637,-432,-205
28/10/2019 06:15,-564,-359,-205
28/10/2019 06:30,-557,-352,-205
28/10/2019 06:45,-557,-352,-205
28/10/2019 07:00,-511,-306,-205
28/10/2019 07:15,-440,-235,-205
28/10/2019 07:30,-493,-289,-204
28/10/2019 07:45,-437,-232,-205
28/10/2019 08:00,-317,-157,-160
28/10/2019 08:15,-166,-82,-84
28/10/2019 08:30,-31,-7,-24
28/10/2019 08:45,-21,0,-21
28/10/2019 09:00,-17,0,-17
28/10/2019 09:15,88,0,88
28/10/2019 09:30,161,0,161
28/10/2019 09:45,231,0,231
28/10/2019 10:00,291,0,291
28/10/2019 10:15,344,0,344
28/10/2019 10:30,345,0,345
28/10/2019 10:45,339,0,339
28/10/2019 11:00,327,0,327
28/10/2019 11:15,252,0,252
28/10/2019 11:30,291,0,291
28/10/2019 11:45,275,0,275
28/10/2019 12:00,199,0,199
28/10/2019 12:15,123,0,123
28/10/2019 12:30,105,0,105
28/10/2019 12:45,92,0,92
28/10/2019 13:00,19,0,19
28/10/2019 13:15,-86,0,-86
28/10/2019 13:30,-162,0,-162
28/10/2019 13:45,-158,-66,-92
28/10/2019 14:00,-278,-141,-137
28/10/2019 14:15,-381,-216,-165
28/10/2019 14:30,-445,-291,-154
28/10/2019 14:45,-440,-296,-144
28/10/2019 15:00,-431,-281,-150
28/10/2019 15:15,-396,-241,-155
28/10/2019 15:30,-516,-313,-203
28/10/2019 15:45,-508,-303,-205
28/10/2019 16:00,-433,-228,-205
28/10/2019 16:15,-348,-153,-195
28/10/2019 16:30,-409,-217,-192
28/10/2019 16:45,-454,-273,-181
28/10/2019 17:00,-375,-198,-177
28/10/2019 17:15,-329,-125,-204
28/10/2019 17:30,-316,-111,-205
28/10/2019 17:45,-361,-157,-204
28/10/2019 18:00,-286,-107,-179
28/10/2019 18:15,-208,-70,-138
28/10/2019 18:30,-229,-25,-204
28/10/2019 18:45,-290,-85,-205
28/10/2019 19:00,-365,-160,-205
28/10/2019 19:15,-439,-235,-204
28/10/2019 19:30,-462,-260,-202
28/10/2019 19:45,-470,-276,-194
28/10/2019 20:00,-547,-351,-196
28/10/2019 20:15,-630,-426,-204
28/10/2019 20:30,-629,-425,-204
28/10/2019 20:45,-580,-375,-205
28/10/2019 21:00,-654,-450,-204
28/10/2019 21:15,-705,-500,-205
28/10/2019 21:30,-704,-500,-204
28/10/2019 21:45,-704,-500,-204
28/10/2019 22:00,-705,-500,-205
28/10/2019 22:15,-705,-500,-205
28/10/2019 22:30,-704,-500,-204
28/10/2019 22:45,-704,-500,-204
28/10/2019 23:00,-705,-500,-205
28/10/2019 23:15,-776,-500,-276
28/10/2019 23:30,-839,-500,-339
28/10/2019 23:45,-838,-500,-338
29/10/2019 00:00,-838,-500,-338
29/10/2019 00:15,-838,-500,-338
29/10/2019 00:30,-839,-500,-339
29/10/2019 00:45,-838,-500,-338
29/10/2019 01:00,-838,-500,-338
29/10/2019 01:15,-839,-500,-339
29/10/2019 01:30,-838,-500,-338
29/10/2019 01:45,-838,-500,-338
29/10/2019 02:00,-837,-500,-337
29/10/2019 02:15,-838,-500,-338
29/10/2019 02:30,-838,-500,-338
29/10/2019 02:45,-838,-500,-338
29/10/2019 03:00,-838,-500,-338
29/10/2019 03:15,-838,-500,-338
29/10/2019 03:30,-838,-500,-338
29/10/2019 03:45,-837,-500,-337
29/10/2019 04:00,-838,-500,-338
29/10/2019 04:15,-839,-500,-339
29/10/2019 04:30,-838,-500,-338
29/10/2019 04:45,-839,-500,-339
29/10/2019 05:00,-838,-500,-338
29/10/2019 05:15,-839,-500,-339
29/10/2019 05:30,-838,-500,-338
29/10/2019 05:45,-838,-500,-338
29/10/2019 06:00,-838,-500,-338
29/10/2019 06:15,-838,-500,-338
29/10/2019 06:30,-838,-500,-338
29/10/2019 06:45,-838,-500,-338
29/10/2019 07:00,-838,-500,-338
29/10/2019 07:15,-838,-500,-338
29/10/2019 07:30,-838,-500,-338
29/10/2019 07:45,-793,-500,-293
29/10/2019 08:00,-767,-432,-335
29/10/2019 08:15,-696,-357,-339
29/10/2019 08:30,-703,-365,-338
29/10/2019 08:45,-706,-368,-338
29/10/2019 09:00,-631,-293,-338
29/10/2019 09:15,-565,-227,-338
29/10/2019 09:30,-491,-153,-338
29/10/2019 09:45,-543,-205,-338
29/10/2019 10:00,-592,-254,-338
29/10/2019 10:15,-656,-317,-339
29/10/2019 10:30,-641,-303,-338
29/10/2019 10:45,-640,-302,-338
29/10/2019 11:00,-615,-317,-298
29/10/2019 11:15,-574,-352,-222
29/10/2019 11:30,-444,-277,-167
29/10/2019 11:45,-576,-331,-245
29/10/2019 12:00,-671,-406,-265
29/10/2019 12:15,-747,-481,-266
29/10/2019 12:30,-771,-500,-271
29/10/2019 12:45,-761,-500,-261
29/10/2019 13:00,-838,-500,-338
29/10/2019 13:15,-838,-500,-338
29/10/2019 13:30,-839,-500,-339
29/10/2019 13:45,-838,-500,-338
29/10/2019 14:00,-837,-500,-337
29/10/2019 14:15,-838,-500,-338
29/10/2019 14:30,-837,-500,-337
29/10/2019 14:45,-838,-500,-338
29/10/2019 15:00,-838,-500,-338
29/10/2019 15:15,-839,-500,-339
29/10/2019 15:30,-838,-500,-338
29/10/2019 15:45,-838,-500,-338
29/10/2019 16:00,-839,-500,-339
29/10/2019 16:15,-839,-500,-339
29/10/2019 16:30,-835,-500,-335
29/10/2019 16:45,-786,-461,-325
29/10/2019 17:00,-715,-386,-329
29/10/2019 17:15,-651,-312,-339
29/10/2019 17:30,-618,-280,-338
29/10/2019 17:45,-642,-304,-338
29/10/2019 18:00,-574,-236,-338
29/10/2019 18:15,-499,-161,-338
29/10/2019 18:30,-539,-201,-338
29/10/2019 18:45,-614,-276,-338
29/10/2019 19:00,-689,-351,-338
29/10/2019 19:15,-764,-426,-338
29/10/2019 19:30,-837,-500,-337
29/10/2019 19:45,-837,-500,-337
29/10/2019 20:00,-837,-500,-337
29/10/2019 20:15,-837,-500,-337
29/10/2019 20:30,-837,-500,-337
29/10/2019 20:45,-837,-500,-337
29/10/2019 21:00,-837,-500,-337
29/10/2019 21:15,-837,-500,-337
29/10/2019 21:30,-837,-500,-337
29/10/2019 21:45,-837,-500,-337
29/10/2019 22:00,-837,-500,-337
29/10/2019 22:15,-837,-500,-337
29/10/2019 22:30,-837,-500,-337
29/10/2019 22:45,-837,-500,-337
29/10/2019 23:00,-837,-500,-337
29/10/2019 23:15,-837,-500,-337
29/10/2019 23:30,-837,-500,-337
29/10/2019 23:45,-837,-500,-337
30/09/2019 00:00,79,27,52
30/09/2019 00:15,222,98,124
30/09/2019 00:30,333,171,162
30/09/2019 00:45,382,145,237
30/09/2019 01:00,382,70,312
30/09/2019 01:15,278,0,278
30/09/2019 01:30,267,0,267
30/09/2019 01:45,274,0,274
30/09/2019 02:00,199,0,199
30/09/2019 02:15,162,0,162
30/09/2019 02:30,162,0,162
30/09/2019 02:45,162,0,162
30/09/2019 03:00,149,0,149
30/09/2019 03:15,123,0,123
30/09/2019 03:30,196,0,196
30/09/2019 03:45,170,0,170
30/09/2019 04:00,98,0,98
30/09/2019 04:15,24,0,24
30/09/2019 04:30,17,0,17
30/09/2019 04:45,17,0,17
30/09/2019 05:00,17,0,17
30/09/2019 05:15,-162,-74,-88
30/09/2019 05:30,-200,-131,-69
30/09/2019 05:45,-227,-206,-21
30/09/2019 06:00,-379,-281,-98
30/09/2019 06:15,-528,-356,-172
30/09/2019 06:30,-539,-361,-178
30/09/2019 06:45,-462,-286,-176
30/09/2019 07:00,-309,-211,-98
30/09/2019 07:15,-159,-136,-23
30/09/2019 07:30,-123,-61,-62
30/09/2019 07:45,-174,-84,-90
30/09/2019 08:00,-24,-9,-15
30/09/2019 08:15,88,0,88
30/09/2019 08:30,161,0,161
30/09/2019 08:45,132,42,90
30/09/2019 09:00,17,1,16
30/09/2019 09:15,-103,-16,-87
30/09/2019 09:30,-165,-1,-164
30/09/2019 09:45,-163,-45,-118
30/09/2019 10:00,-297,-120,-177
30/09/2019 10:15,-374,-195,-179
30/09/2019 10:30,-406,-227,-179
30/09/2019 10:45,-436,-257,-179
30/09/2019 11:00,-510,-332,-178
30/09/2019 11:15,-586,-407,-179
30/09/2019 11:30,-661,-482,-179
30/09/2019 11:45,-646,-468,-178
30/09/2019 12:00,-572,-393,-179
30/09/2019 12:15,-497,-318,-179
30/09/2019 12:30,-422,-243,-179
30/09/2019 12:45,-373,-229,-144
30/09/2019 13:00,-482,-304,-178
30/09/2019 13:15,-558,-379,-179
30/09/2019 13:30,-580,-402,-178
30/09/2019 13:45,-535,-356,-179
30/09/2019 14:00,-534,-356,-178
30/09/2019 14:15,-537,-358,-179
30/09/2019 14:30,-462,-283,-179
30/09/2019 14:45,-492,-313,-179
30/09/2019 15:00,-567,-388,-179
30/09/2019 15:15,-642,-463,-179
30/09/2019 15:30,-679,-500,-179
30/09/2019 15:45,-680,-500,-180
30/09/2019 16:00,-679,-500,-179
30/09/2019 16:15,-636,-456,-180
30/09/2019 16:30,-670,-499,-171
30/09/2019 16:45,-618,-439,-179
30/09/2019 17:00,-542,-364,-178
30/09/2019 17:15,-465,-289,-176
30/09/2019 17:30,-389,-214,-175
30/09/2019 17:45,-411,-240,-171
30/09/2019 18:00,-491,-314,-177
30/09/2019 18:15,-530,-352,-178
30/09/2019 18:30,-541,-362,-179
30/09/2019 18:45,-467,-288,-179
30/09/2019 19:00,-364,-213,-151
30/09/2019 19:15,-212,-138,-74
30/09/2019 19:30,-159,-63,-96
30/09/2019 19:45,-103,0,-103
30/09/2019 20:00,-109,0,-109
30/09/2019 20:15,-139,0,-139
30/09/2019 20:30,-64,0,-64
30/09/2019 20:45,5,42,-37
30/09/2019 21:00,-111,1,-112
30/09/2019 21:15,-250,-74,-176
30/09/2019 21:30,-237,-59,-178
30/09/2019 21:45,-190,-12,-178
30/09/2019 22:00,-264,-87,-177
30/09/2019 22:15,-339,-162,-177
30/09/2019 22:30,-250,-103,-147
30/09/2019 22:45,-100,-28,-72
30/09/2019 23:00,-18,0,-18
30/09/2019 23:15,-166,-74,-92
30/09/2019 23:30,-308,-149,-159
30/09/2019 23:45,-382,-224,-158
01/10/2019 00:00,-344,-186,-158
01/10/2019 00:15,-269,-111,-158
01/10/2019 00:30,-266,-108,-158
01/10/2019 00:45,-270,-112,-158
01/10/2019 01:00,-275,-117,-158
01/10/2019 01:15,-276,-117,-159
01/10/2019 01:30,-275,-117,-158
01/10/2019 01:45,-275,-117,-158
01/10/2019 02:00,-275,-117,-158
01/10/2019 02:15,-275,-117,-158
01/10/2019 02:30,-275,-117,-158
01/10/2019 02:45,-275,-117,-158
01/10/2019 03:00,-275,-117,-158
01/10/2019 03:15,-275,-117,-158
01/10/2019 03:30,-275,-117,-158
01/10/2019 03:45,-275,-117,-158
01/10/2019 04:00,-275,-117,-158
01/10/2019 04:15,-332,-174,-158
01/10/2019 04:30,-392,-234,-158
01/10/2019 04:45,-443,-285,-158
01/10/2019 05:00,-518,-360,-158
01/10/2019 05:15,-593,-435,-158
01/10/2019 05:30,-658,-500,-158
01/10/2019 05:45,-658,-500,-158
01/10/2019 06:00,-658,-500,-158
01/10/2019 06:15,-658,-500,-158
01/10/2019 06:30,-658,-500,-158
01/10/2019 06:45,-658,-500,-158
01/10/2019 07:00,-658,-500,-158
01/10/2019 07:15,-659,-500,-159
01/10/2019 07:30,-660,-500,-160
01/10/2019 07:45,-590,-431,-159
01/10/2019 08:00,-516,-356,-160
01/10/2019 08:15,-441,-281,-160
01/10/2019 08:30,-366,-206,-160
01/10/2019 08:45,-381,-221,-160
01/10/2019 09:00,-340,-180,-160
01/10/2019 09:15,-306,-146,-160
01/10/2019 09:30,-231,-71,-160
01/10/2019 09:45,-252,-92,-160
01/10/2019 10:00,-327,-167,-160
01/10/2019 10:15,-402,-242,-160
01/10/2019 10:30,-384,-225,-159
01/10/2019 10:45,-309,-150,-159
01/10/2019 11:00,-294,-134,-160
01/10/2019 11:15,-325,-166,-159
01/10/2019 11:30,-322,-162,-160
01/10/2019 11:45,-300,-140,-160
01/10/2019 12:00,-374,-214,-160
01/10/2019 12:15,-447,-288,-159
01/10/2019 12:30,-415,-256,-159
01/10/2019 12:45,-378,-262,-116
01/10/2019 13:00,-494,-337,-157
01/10/2019 13:15,-571,-412,-159
01/10/2019 13:30,-558,-398,-160
01/10/2019 13:45,-518,-358,-160
01/10/2019 14:00,-593,-433,-160
01/10/2019 14:15,-627,-500,-127
01/10/2019 14:30,-641,-500,-141
01/10/2019 14:45,-640,-488,-152
01/10/2019 15:00,-604,-469,-135
01/10/2019 15:15,-547,-444,-103
01/10/2019 15:30,-617,-460,-157
01/10/2019 15:45,-633,-475,-158
01/10/2019 16:00,-657,-499,-158
01/10/2019 16:15,-658,-500,-158
01/10/2019 16:30,-658,-500,-158
01/10/2019 16:45,-594,-436,-158
01/10/2019 17:00,-519,-361,-158
01/10/2019 17:15,-444,-286,-158
01/10/2019 17:30,-396,-238,-158
01/10/2019 17:45,-322,-236,-86
01/10/2019 18:00,-298,-161,-137
01/10/2019 18:15,-244,-86,-158
01/10/2019 18:30,-280,-122,-158
01/10/2019 18:45,-325,-167,-158
01/10/2019 19:00,-188,-92,-96
01/10/2019 19:15,-40,-17,-23
01/10/2019 19:30,-15,0,-15
01/10/2019 19:45,87,0,87
01/10/2019 20:00,120,-49,169
01/10/2019 20:15,168,-76,244
01/10/2019 20:30,318,-1,319
01/10/2019 20:45,463,74,389
01/10/2019 21:00,349,26,323
01/10/2019 21:15,260,0,260
01/10/2019 21:30,204,0,204
01/10/2019 21:45,247,0,247
01/10/2019 22:00,247,0,247
01/10/2019 22:15,247,0,247
01/10/2019 22:30,286,0,286
01/10/2019 22:45,321,0,321
01/10/2019 23:00,351,0,351
01/10/2019 23:15,262,-19,281
01/10/2019 23:30,207,-1,208
01/10/2019 23:45,132,0,132
02/10/2019 00:00,59,0,59
02/10/2019 00:15,-43,0,-43
02/10/2019 00:30,-120,0,-120
02/10/2019 00:45,-103,0,-103
02/10/2019 01:00,-168,0,-168
02/10/2019 01:15,-218,0,-218
02/10/2019 01:30,-294,0,-294
02/10/2019 01:45,-243,0,-243
02/10/2019 02:00,-168,0,-168
02/10/2019 02:15,-93,0,-93
02/10/2019 02:30,-18,0,-18
02/10/2019 02:45,16,0,16
02/10/2019 03:00,32,0,32
02/10/2019 03:15,99,0,99
02/10/2019 03:30,163,0,163
02/10/2019 03:45,93,0,93
02/10/2019 04:00,17,0,17
02/10/2019 04:15,-88,0,-88
02/10/2019 04:30,-130,0,-130
02/10/2019 04:45,-88,0,-88
02/10/2019 05:00,-149,0,-149
02/10/2019 05:15,-207,0,-207
02/10/2019 05:30,-286,0,-286
02/10/2019 05:45,-243,0,-243
02/10/2019 06:00,-167,0,-167
02/10/2019 06:15,-137,-44,-93
02/10/2019 06:30,-18,-1,-17
02/10/2019 06:45,144,74,70
02/10/2019 07:00,298,149,149
02/10/2019 07:15,444,224,220
02/10/2019 07:30,565,275,290
02/10/2019 07:45,648,319,329
02/10/2019 08:00,795,394,401
02/10/2019 08:15,915,469,446
02/10/2019 08:30,976,530,446
02/10/2019 08:45,976,530,446
02/10/2019 09:00,976,530,446
02/10/2019 09:15,976,530,446
02/10/2019 09:30,976,530,446
02/10/2019 09:45,976,530,446
02/10/2019 10:00,976,530,446
02/10/2019 10:15,975,530,445
02/10/2019 10:30,977,530,447
02/10/2019 10:45,976,530,446
02/10/2019 11:00,976,530,446
02/10/2019 11:15,975,530,445
02/10/2019 11:30,975,530,445
02/10/2019 11:45,976,530,446
02/10/2019 12:00,976,530,446
02/10/2019 12:15,975,530,445
02/10/2019 12:30,976,530,446
02/10/2019 12:45,976,530,446
02/10/2019 13:00,975,530,445
02/10/2019 13:15,975,530,445
02/10/2019 13:30,976,530,446
02/10/2019 13:45,976,530,446
02/10/2019 14:00,976,530,446
02/10/2019 14:15,975,530,445
02/10/2019 14:30,976,530,446
02/10/2019 14:45,975,530,445
02/10/2019 15:00,976,530,446
02/10/2019 15:15,976,530,446
02/10/2019 15:30,976,530,446
02/10/2019 15:45,976,530,446
02/10/2019 16:00,976,530,446
02/10/2019 16:15,977,530,447
02/10/2019 16:30,976,530,446
02/10/2019 16:45,977,530,447
02/10/2019 17:00,976,530,446
02/10/2019 17:15,976,530,446
02/10/2019 17:30,976,530,446
02/10/2019 17:45,976,530,446
02/10/2019 18:00,976,530,446
02/10/2019 18:15,976,530,446
02/10/2019 18:30,976,530,446
02/10/2019 18:45,962,530,432
02/10/2019 19:00,924,530,394
02/10/2019 19:15,958,530,428
02/10/2019 19:30,958,530,428
02/10/2019 19:45,958,530,428
02/10/2019 20:00,976,530,446
02/10/2019 20:15,975,530,445
02/10/2019 20:30,977,530,447
02/10/2019 20:45,934,503,431
02/10/2019 21:00,853,428,425
02/10/2019 21:15,777,353,424
02/10/2019 21:30,752,354,398
02/10/2019 21:45,620,281,339
02/10/2019 22:00,499,206,293
02/10/2019 22:15,366,131,235
02/10/2019 22:30,309,56,253
02/10/2019 22:45,307,47,260
02/10/2019 23:00,310,47,263
02/10/2019 23:15,354,121,233
02/10/2019 23:30,503,196,307
02/10/2019 23:45,593,212,381
03/10/2019 00:00,453,137,316
03/10/2019 00:15,305,62,243
03/10/2019 00:30,237,70,167
03/10/2019 00:45,169,76,93
03/10/2019 01:00,20,1,19
03/10/2019 01:15,-89,-74,-15
03/10/2019 01:30,-209,-149,-60
03/10/2019 01:45,-203,-118,-85
03/10/2019 02:00,-252,-167,-85
03/10/2019 02:15,-328,-242,-86
03/10/2019 02:30,-313,-228,-85
03/10/2019 02:45,-312,-227,-85
03/10/2019 03:00,-312,-227,-85
03/10/2019 03:15,-313,-228,-85
03/10/2019 03:30,-300,-215,-85
03/10/2019 03:45,-365,-279,-86
03/10/2019 04:00,-439,-354,-85
03/10/2019 04:15,-515,-429,-86
03/10/2019 04:30,-586,-500,-86
03/10/2019 04:45,-586,-500,-86
03/10/2019 05:00,-586,-500,-86
03/10/2019 05:15,-585,-500,-85
03/10/2019 05:30,-585,-500,-85
03/10/2019 05:45,-586,-500,-86
03/10/2019 06:00,-586,-500,-86
03/10/2019 06:15,-586,-500,-86
03/10/2019 06:30,-585,-500,-85
03/10/2019 06:45,-585,-500,-85
03/10/2019 07:00,-586,-500,-86
03/10/2019 07:15,-586,-500,-86
03/10/2019 07:30,-585,-500,-85
03/10/2019 07:45,-585,-500,-85
03/10/2019 08:00,-586,-500,-86
03/10/2019 08:15,-585,-500,-85
03/10/2019 08:30,-586,-500,-86
03/10/2019 08:45,-585,-500,-85
03/10/2019 09:00,-585,-500,-85
03/10/2019 09:15,-585,-500,-85
03/10/2019 09:30,-586,-500,-86
03/10/2019 09:45,-586,-500,-86
03/10/2019 10:00,-586,-500,-86
03/10/2019 10:15,-586,-500,-86
03/10/2019 10:30,-586,-500,-86
03/10/2019 10:45,-586,-500,-86
03/10/2019 11:00,-587,-500,-87
03/10/2019 11:15,-586,-500,-86
03/10/2019 11:30,-586,-500,-86
03/10/2019 11:45,-586,-500,-86
03/10/2019 12:00,-587,-500,-87
03/10/2019 12:15,-587,-500,-87
03/10/2019 12:30,-586,-500,-86
03/10/2019 12:45,-587,-500,-87
03/10/2019 13:00,-586,-500,-86
03/10/2019 13:15,-586,-500,-86
03/10/2019 13:30,-586,-500,-86
03/10/2019 13:45,-587,-500,-87
03/10/2019 14:00,-586,-500,-86
03/10/2019 14:15,-586,-500,-86
03/10/2019 14:30,-572,-500,-72
03/10/2019 14:45,-586,-500,-86
03/10/2019 15:00,-585,-500,-85
03/10/2019 15:15,-586,-500,-86
03/10/2019 15:30,-585,-500,-85
03/10/2019 15:45,-586,-500,-86
03/10/2019 16:00,-586,-500,-86
03/10/2019 16:15,-585,-500,-85
03/10/2019 16:30,-585,-500,-85
03/10/2019 16:45,-585,-500,-85
03/10/2019 17:00,-585,-500,-85
03/10/2019 17:15,-585,-500,-85
03/10/2019 17:30,-585,-500,-85
03/10/2019 17:45,-586,-500,-86
03/10/2019 18:00,-586,-500,-86
03/10/2019 18:15,-586,-500,-86
03/10/2019 18:30,-585,-500,-85
03/10/2019 18:45,-586,-500,-86
03/10/2019 19:00,-586,-500,-86
03/10/2019 19:15,-586,-500,-86
03/10/2019 19:30,-586,-500,-86
03/10/2019 19:45,-586,-500,-86
03/10/2019 20:00,-586,-500,-86
03/10/2019 20:15,-585,-500,-85
03/10/2019 20:30,-585,-500,-85
03/10/2019 20:45,-585,-500,-85
03/10/2019 21:00,-585,-500,-85
03/10/2019 21:15,-585,-500,-85
03/10/2019 21:30,-586,-500,-86
03/10/2019 21:45,-585,-500,-85
03/10/2019 22:00,-586,-500,-86
03/10/2019 22:15,-586,-500,-86
03/10/2019 22:30,-586,-500,-86
03/10/2019 22:45,-585,-500,-85
03/10/2019 23:00,-579,-500,-79
03/10/2019 23:15,-585,-500,-85
03/10/2019 23:30,-584,-500,-84
03/10/2019 23:45,-584,-500,-84
04/10/2019 00:00,-585,-500,-85
04/10/2019 00:15,-585,-500,-85
04/10/2019 00:30,-584,-500,-84
04/10/2019 00:45,-585,-500,-85
04/10/2019 01:00,-585,-500,-85
04/10/2019 01:15,-585,-500,-85
04/10/2019 01:30,-585,-500,-85
04/10/2019 01:45,-585,-500,-85
04/10/2019 02:00,-585,-500,-85
04/10/2019 02:15,-585,-500,-85
04/10/2019 02:30,-585,-500,-85
04/10/2019 02:45,-585,-500,-85
04/10/2019 03:00,-586,-500,-86
04/10/2019 03:15,-585,-500,-85
04/10/2019 03:30,-585,-500,-85
04/10/2019 03:45,-585,-500,-85
04/10/2019 04:00,-585,-500,-85
04/10/2019 04:15,-585,-500,-85
04/10/2019 04:30,-585,-500,-85
04/10/2019 04:45,-585,-500,-85
04/10/2019 05:00,-585,-500,-85
04/10/2019 05:15,-585,-500,-85
04/10/2019 05:30,-585,-500,-85
04/10/2019 05:45,-584,-500,-84
04/10/2019 06:00,-585,-500,-85
04/10/2019 06:15,-585,-500,-85
04/10/2019 06:30,-585,-500,-85
04/10/2019 06:45,-585,-500,-85
04/10/2019 07:00,-585,-500,-85
04/10/2019 07:15,-585,-500,-85
04/10/2019 07:30,-585,-500,-85
04/10/2019 07:45,-585,-500,-85
04/10/2019 08:00,-585,-500,-85
04/10/2019 08:15,-585,-500,-85
04/10/2019 08:30,-584,-500,-84
04/10/2019 08:45,-584,-500,-84
04/10/2019 09:00,-585,-500,-85
04/10/2019 09:15,-585,-500,-85
04/10/2019 09:30,-585,-500,-85
04/10/2019 09:45,-585,-500,-85
04/10/2019 10:00,-584,-500,-84
04/10/2019 10:15,-584,-500,-84
04/10/2019 10:30,-585,-500,-85
04/10/2019 10:45,-585,-500,-85
04/10/2019 11:00,-585,-500,-85
04/10/2019 11:15,-585,-500,-85
04/10/2019 11:30,-584,-500,-84
04/10/2019 11:45,-585,-500,-85
04/10/2019 12:00,-585,-500,-85
04/10/2019 12:15,-585,-500,-85
04/10/2019 12:30,-585,-500,-85
04/10/2019 12:45,-585,-500,-85
04/10/2019 13:00,-585,-500,-85
04/10/2019 13:15,-585,-500,-85
04/10/2019 13:30,-585,-500,-85
04/10/2019 13:45,-567,-482,-85
04/10/2019 14:00,-492,-407,-85
04/10/2019 14:15,-357,-332,-25
04/10/2019 14:30,-339,-257,-82
04/10/2019 14:45,-292,-207,-85
04/10/2019 15:00,-148,-132,-16
04/10/2019 15:15,31,-57,88
04/10/2019 15:30,17,0,17
04/10/2019 15:45,-18,65,-83
04/10/2019 16:00,124,140,-16
04/10/2019 16:15,303,215,88
04/10/2019 16:30,288,261,27
04/10/2019 16:45,398,314,84
04/10/2019 17:00,545,389,156
04/10/2019 17:15,699,464,235
04/10/2019 17:30,825,530,295
04/10/2019 17:45,830,530,300
04/10/2019 18:00,905,530,375
04/10/2019 18:15,976,530,446
04/10/2019 18:30,976,530,446
04/10/2019 18:45,976,530,446
04/10/2019 19:00,960,530,430
04/10/2019 19:15,887,530,357
04/10/2019 19:30,941,530,411
04/10/2019 19:45,976,530,446
04/10/2019 20:00,976,530,446
04/10/2019 20:15,976,530,446
04/10/2019 20:30,977,530,447
04/10/2019 20:45,976,530,446
04/10/2019 21:00,976,530,446
04/10/2019 21:15,976,530,446
04/10/2019 21:30,976,530,446
04/10/2019 21:45,932,486,446
04/10/2019 22:00,857,411,446
04/10/2019 22:15,783,336,447
04/10/2019 22:30,708,261,447
04/10/2019 22:45,780,334,446
04/10/2019 23:00,779,332,447
04/10/2019 23:15,630,257,373
04/10/2019 23:30,484,182,302
04/10/2019 23:45,337,107,230
05/10/2019 00:00,185,32,153
05/10/2019 00:15,35,-43,78
05/10/2019 00:30,-144,-118,-26
05/10/2019 00:45,-215,-114,-101
05/10/2019 01:00,-282,-172,-110
05/10/2019 01:15,-342,-232,-110
05/10/2019 01:30,-347,-237,-110
05/10/2019 01:45,-364,-255,-109
05/10/2019 02:00,-391,-281,-110
05/10/2019 02:15,-443,-333,-110
05/10/2019 02:30,-368,-258,-110
05/10/2019 02:45,-392,-282,-110
05/10/2019 03:00,-466,-357,-109
05/10/2019 03:15,-542,-432,-110
05/10/2019 03:30,-605,-495,-110
05/10/2019 03:45,-529,-420,-109
05/10/2019 04:00,-583,-473,-110
05/10/2019 04:15,-610,-500,-110
05/10/2019 04:30,-609,-500,-109
05/10/2019 04:45,-610,-500,-110
05/10/2019 05:00,-610,-500,-110
05/10/2019 05:15,-610,-500,-110
05/10/2019 05:30,-610,-500,-110
05/10/2019 05:45,-610,-500,-110
05/10/2019 06:00,-610,-500,-110
05/10/2019 06:15,-609,-500,-109
05/10/2019 06:30,-610,-500,-110
05/10/2019 06:45,-610,-500,-110
05/10/2019 07:00,-610,-500,-110
05/10/2019 07:15,-610,-500,-110
05/10/2019 07:30,-610,-500,-110
05/10/2019 07:45,-610,-500,-110
05/10/2019 08:00,-610,-500,-110
05/10/2019 08:15,-610,-500,-110
05/10/2019 08:30,-610,-500,-110
05/10/2019 08:45,-609,-500,-109
05/10/2019 09:00,-610,-500,-110
05/10/2019 09:15,-609,-500,-109
05/10/2019 09:30,-610,-500,-110
05/10/2019 09:45,-610,-500,-110
05/10/2019 10:00,-610,-500,-110
05/10/2019 10:15,-610,-500,-110
05/10/2019 10:30,-610,-500,-110
05/10/2019 10:45,-610,-500,-110
05/10/2019 11:00,-610,-500,-110
05/10/2019 11:15,-610,-500,-110
05/10/2019 11:30,-609,-500,-109
05/10/2019 11:45,-609,-500,-109
05/10/2019 12:00,-610,-500,-110
05/10/2019 12:15,-548,-439,-109
05/10/2019 12:30,-514,-404,-110
05/10/2019 12:45,-440,-404,-36
05/10/2019 13:00,-495,-388,-107
05/10/2019 13:15,-479,-370,-109
05/10/2019 13:30,-461,-357,-104
05/10/2019 13:45,-442,-345,-97
05/10/2019 14:00,-398,-311,-87
05/10/2019 14:15,-354,-289,-65
05/10/2019 14:30,-339,-231,-108
05/10/2019 14:45,-285,-176,-109
05/10/2019 15:00,-245,-142,-103
05/10/2019 15:15,-192,-89,-103
05/10/2019 15:30,-203,-93,-110
05/10/2019 15:45,-206,-96,-110
05/10/2019 16:00,-130,-21,-109
05/10/2019 16:15,-49,0,-49
05/10/2019 16:30,-122,-14,-108
05/10/2019 16:45,-199,-89,-110
05/10/2019 17:00,-95,-31,-64
05/10/2019 17:15,-15,0,-15
05/10/2019 17:30,-15,0,-15
05/10/2019 17:45,63,0,63
05/10/2019 18:00,100,0,100
05/10/2019 18:15,160,0,160
05/10/2019 18:30,87,0,87
05/10/2019 18:45,137,0,137
05/10/2019 19:00,209,0,209
05/10/2019 19:15,356,74,282
05/10/2019 19:30,386,31,355
05/10/2019 19:45,465,98,367
05/10/2019 20:00,466,173,293
05/10/2019 20:15,547,248,299
05/10/2019 20:30,696,323,373
05/10/2019 20:45,704,259,445
05/10/2019 21:00,621,184,437
05/10/2019 21:15,473,109,364
05/10/2019 21:30,425,34,391
05/10/2019 21:45,414,51,363
05/10/2019 22:00,288,1,287
05/10/2019 22:15,207,-8,215
05/10/2019 22:30,139,-1,140
05/10/2019 22:45,168,0,168
05/10/2019 23:00,167,0,167
05/10/2019 23:15,15,-74,89
05/10/2019 23:30,-161,-149,-12
05/10/2019 23:45,-294,-224,-70
06/10/2019 00:00,-423,-299,-124
06/10/2019 00:15,-498,-374,-124
06/10/2019 00:30,-505,-405,-100
06/10/2019 00:45,-387,-363,-24
06/10/2019 01:00,-416,-401,-15
06/10/2019 01:15,-457,-474,17
06/10/2019 01:30,-470,-488,18
06/10/2019 01:45,-537,-449,-88
06/10/2019 02:00,-623,-499,-124
06/10/2019 02:15,-624,-500,-124
06/10/2019 02:30,-571,-500,-71
06/10/2019 02:45,-516,-500,-16
06/10/2019 03:00,-568,-500,-68
06/10/2019 03:15,-624,-500,-124
06/10/2019 03:30,-571,-500,-71
06/10/2019 03:45,-524,-500,-24
06/10/2019 04:00,-554,-500,-54
06/10/2019 04:15,-623,-500,-123
06/10/2019 04:30,-588,-500,-88
06/10/2019 04:45,-546,-500,-46
06/10/2019 05:00,-621,-500,-121
06/10/2019 05:15,-624,-500,-124
06/10/2019 05:30,-624,-500,-124
06/10/2019 05:45,-624,-500,-124
06/10/2019 06:00,-624,-500,-124
06/10/2019 06:15,-624,-500,-124
06/10/2019 06:30,-624,-500,-124
06/10/2019 06:45,-624,-500,-124
06/10/2019 07:00,-624,-500,-124
06/10/2019 07:15,-618,-500,-118
06/10/2019 07:30,-623,-500,-123
06/10/2019 07:45,-522,-431,-91
06/10/2019 08:00,-372,-356,-16
06/10/2019 08:15,-195,-281,86
06/10/2019 08:30,-211,-230,19
06/10/2019 08:45,-246,-203,-43
06/10/2019 09:00,-150,-128,-22
06/10/2019 09:15,-25,-53,28
06/10/2019 09:30,32,0,32
06/10/2019 09:45,24,0,24
06/10/2019 10:00,83,0,83
06/10/2019 10:15,157,0,157
06/10/2019 10:30,104,0,104
06/10/2019 10:45,151,0,151
06/10/2019 11:00,220,0,220
06/10/2019 11:15,328,30,298
06/10/2019 11:30,369,1,368
06/10/2019 11:45,312,0,312
06/10/2019 12:00,332,0,332
06/10/2019 12:15,378,44,334
06/10/2019 12:30,407,44,363
06/10/2019 12:45,515,118,397
06/10/2019 13:00,636,193,443
06/10/2019 13:15,715,268,447
06/10/2019 13:30,789,343,446
06/10/2019 13:45,866,418,448
06/10/2019 14:00,939,493,446
06/10/2019 14:15,866,420,446
06/10/2019 14:30,879,433,446
06/10/2019 14:45,892,446,446
06/10/2019 15:00,844,397,447
06/10/2019 15:15,769,345,424
06/10/2019 15:30,747,354,393
06/10/2019 15:45,655,335,320
06/10/2019 16:00,796,408,388
06/10/2019 16:15,868,483,385
06/10/2019 16:30,780,466,314
06/10/2019 16:45,636,397,239
06/10/2019 17:00,621,322,299
06/10/2019 17:15,613,247,366
06/10/2019 17:30,511,204,307
06/10/2019 17:45,415,182,233
06/10/2019 18:00,360,107,253
06/10/2019 18:15,295,32,263
06/10/2019 18:30,279,0,279
06/10/2019 18:45,219,0,219
06/10/2019 19:00,142,0,142
06/10/2019 19:15,63,-5,68
06/10/2019 19:30,16,-1,17
06/10/2019 19:45,-58,0,-58
06/10/2019 20:00,-60,0,-60
06/10/2019 20:15,-149,-59,-90
06/10/2019 20:30,-131,-115,-16
06/10/2019 20:45,-101,-189,88
06/10/2019 21:00,-246,-264,18
06/10/2019 21:15,-427,-339,-88
06/10/2019 21:30,-538,-414,-124
06/10/2019 21:45,-613,-489,-124
06/10/2019 22:00,-624,-500,-124
06/10/2019 22:15,-624,-500,-124
06/10/2019 22:30,-624,-500,-124
06/10/2019 22:45,-624,-500,-124
06/10/2019 23:00,-582,-500,-82
06/10/2019 23:15,-580,-500,-80
06/10/2019 23:30,-580,-500,-80
06/10/2019 23:45,-579,-500,-79
07/10/2019 00:00,-580,-500,-80
07/10/2019 00:15,-580,-500,-80
07/10/2019 00:30,-579,-500,-79
07/10/2019 00:45,-579,-500,-79
07/10/2019 01:00,-579,-500,-79
07/10/2019 01:15,-580,-500,-80
07/10/2019 01:30,-579,-500,-79
07/10/2019 01:45,-579,-500,-79
07/10/2019 02:00,-580,-500,-80
07/10/2019 02:15,-580,-500,-80
07/10/2019 02:30,-580,-500,-80
07/10/2019 02:45,-580,-500,-80
07/10/2019 03:00,-580,-500,-80
07/10/2019 03:15,-580,-500,-80
07/10/2019 03:30,-579,-500,-79
07/10/2019 03:45,-579,-500,-79
07/10/2019 04:00,-579,-500,-79
07/10/2019 04:15,-580,-500,-80
07/10/2019 04:30,-579,-500,-79
07/10/2019 04:45,-580,-500,-80
07/10/2019 05:00,-579,-500,-79
07/10/2019 05:15,-579,-500,-79
07/10/2019 05:30,-579,-500,-79
07/10/2019 05:45,-579,-500,-79
07/10/2019 06:00,-579,-500,-79
07/10/2019 06:15,-580,-500,-80
07/10/2019 06:30,-580,-500,-80
07/10/2019 06:45,-580,-500,-80
07/10/2019 07:00,-579,-500,-79
07/10/2019 07:15,-514,-500,-14
07/10/2019 07:30,-546,-500,-46
07/10/2019 07:45,-514,-435,-79
07/10/2019 08:00,-440,-360,-80
07/10/2019 08:15,-365,-285,-80
07/10/2019 08:30,-291,-210,-81
07/10/2019 08:45,-262,-219,-43
07/10/2019 09:00,-303,-227,-76
07/10/2019 09:15,-257,-205,-52
07/10/2019 09:30,-291,-211,-80
07/10/2019 09:45,-264,-184,-80
07/10/2019 10:00,-193,-175,-18
07/10/2019 10:15,-143,-160,17
07/10/2019 10:30,-144,-161,17
07/10/2019 10:45,-131,-148,17
07/10/2019 11:00,-191,-208,17
07/10/2019 11:15,-362,-283,-79
07/10/2019 11:30,-437,-358,-79
07/10/2019 11:45,-436,-357,-79
07/10/2019 12:00,-511,-432,-79
07/10/2019 12:15,-580,-500,-80
07/10/2019 12:30,-579,-500,-79
07/10/2019 12:45,-580,-500,-80
07/10/2019 13:00,-580,-500,-80
07/10/2019 13:15,-580,-500,-80
07/10/2019 13:30,-581,-500,-81
07/10/2019 13:45,-580,-500,-80
07/10/2019 14:00,-581,-500,-81
07/10/2019 14:15,-581,-500,-81
07/10/2019 14:30,-581,-500,-81
07/10/2019 14:45,-581,-500,-81
07/10/2019 15:00,-580,-500,-80
07/10/2019 15:15,-580,-500,-80
07/10/2019 15:30,-581,-500,-81
07/10/2019 15:45,-580,-500,-80
07/10/2019 16:00,-581,-500,-81
07/10/2019 16:15,-580,-500,-80
07/10/2019 16:30,-581,-500,-81
07/10/2019 16:45,-581,-500,-81
07/10/2019 17:00,-580,-500,-80
07/10/2019 17:15,-579,-500,-79
07/10/2019 17:30,-580,-500,-80
07/10/2019 17:45,-579,-500,-79
07/10/2019 18:00,-579,-500,-79
07/10/2019 18:15,-579,-500,-79
07/10/2019 18:30,-579,-500,-79
07/10/2019 18:45,-579,-500,-79
07/10/2019 19:00,-579,-500,-79
07/10/2019 19:15,-579,-500,-79
07/10/2019 19:30,-580,-500,-80
07/10/2019 19:45,-580,-500,-80
07/10/2019 20:00,-579,-500,-79
07/10/2019 20:15,-579,-500,-79
07/10/2019 20:30,-579,-500,-79
07/10/2019 20:45,-579,-500,-79
07/10/2019 21:00,-580,-500,-80
07/10/2019 21:15,-580,-500,-80
07/10/2019 21:30,-579,-500,-79
07/10/2019 21:45,-580,-500,-80
07/10/2019 22:00,-579,-500,-79
07/10/2019 22:15,-579,-500,-79
07/10/2019 22:30,-580,-500,-80
07/10/2019 22:45,-579,-500,-79
07/10/2019 23:00,-580,-500,-80
07/10/2019 23:15,-582,-500,-82
07/10/2019 23:30,-588,-500,-88
07/10/2019 23:45,-588,-500,-88
08/10/2019 00:00,-588,-500,-88
08/10/2019 00:15,-588,-500,-88
08/10/2019 00:30,-588,-500,-88
08/10/2019 00:45,-588,-500,-88
08/10/2019 01:00,-588,-500,-88
08/10/2019 01:15,-588,-500,-88
08/10/2019 01:30,-588,-500,-88
08/10/2019 01:45,-588,-500,-88
08/10/2019 02:00,-587,-500,-87
08/10/2019 02:15,-588,-500,-88
08/10/2019 02:30,-588,-500,-88
08/10/2019 02:45,-587,-500,-87
08/10/2019 03:00,-588,-500,-88
08/10/2019 03:15,-588,-500,-88
08/10/2019 03:30,-588,-500,-88
08/10/2019 03:45,-587,-500,-87
08/10/2019 04:00,-588,-500,-88
08/10/2019 04:15,-588,-500,-88
08/10/2019 04:30,-588,-500,-88
08/10/2019 04:45,-588,-500,-88
08/10/2019 05:00,-586,-500,-86
08/10/2019 05:15,-588,-500,-88
08/10/2019 05:30,-588,-500,-88
08/10/2019 05:45,-587,-500,-87
08/10/2019 06:00,-587,-500,-87
08/10/2019 06:15,-587,-500,-87
08/10/2019 06:30,-588,-500,-88
08/10/2019 06:45,-588,-500,-88
08/10/2019 07:00,-588,-500,-88
08/10/2019 07:15,-588,-500,-88
08/10/2019 07:30,-588,-500,-88
08/10/2019 07:45,-588,-500,-88
08/10/2019 08:00,-508,-436,-72
08/10/2019 08:15,-387,-372,-15
08/10/2019 08:30,-321,-306,-15
08/10/2019 08:45,-358,-376,18
08/10/2019 09:00,-390,-408,18
08/10/2019 09:15,-501,-449,-52
08/10/2019 09:30,-497,-443,-54
08/10/2019 09:45,-474,-425,-49
08/10/2019 10:00,-540,-499,-41
08/10/2019 10:15,-528,-500,-28
08/10/2019 10:30,-517,-500,-17
08/10/2019 10:45,-413,-500,87
08/10/2019 11:00,-470,-500,30
08/10/2019 11:15,-467,-500,33
08/10/2019 11:30,-464,-500,36
08/10/2019 11:45,-477,-500,23
08/10/2019 12:00,-483,-500,17
08/10/2019 12:15,-532,-500,-32
08/10/2019 12:30,-538,-500,-38
08/10/2019 12:45,-536,-500,-36
08/10/2019 13:00,-587,-500,-87
08/10/2019 13:15,-587,-500,-87
08/10/2019 13:30,-588,-500,-88
08/10/2019 13:45,-588,-500,-88
08/10/2019 14:00,-588,-500,-88
08/10/2019 14:15,-587,-500,-87
08/10/2019 14:30,-588,-500,-88
08/10/2019 14:45,-588,-500,-88
08/10/2019 15:00,-587,-500,-87
08/10/2019 15:15,-587,-500,-87
08/10/2019 15:30,-588,-500,-88
08/10/2019 15:45,-587,-500,-87
08/10/2019 16:00,-582,-500,-82
08/10/2019 16:15,-582,-500,-82
08/10/2019 16:30,-577,-500,-77
08/10/2019 16:45,-584,-500,-84
08/10/2019 17:00,-512,-450,-62
08/10/2019 17:15,-412,-382,-30
08/10/2019 17:30,-512,-457,-55
08/10/2019 17:45,-580,-500,-80
08/10/2019 18:00,-516,-429,-87
08/10/2019 18:15,-442,-354,-88
08/10/2019 18:30,-470,-382,-88
08/10/2019 18:45,-397,-309,-88
08/10/2019 19:00,-304,-234,-70
08/10/2019 19:15,-174,-159,-15
08/10/2019 19:30,-98,-84,-14
08/10/2019 19:45,2,-38,40
08/10/2019 20:00,57,0,57
08/10/2019 20:15,95,0,95
08/10/2019 20:30,20,0,20
08/10/2019 20:45,-28,-45,17
08/10/2019 21:00,-103,-120,17
08/10/2019 21:15,-281,-195,-86
08/10/2019 21:30,-326,-239,-87
08/10/2019 21:45,-375,-287,-88
08/10/2019 22:00,-450,-362,-88
08/10/2019 22:15,-525,-437,-88
08/10/2019 22:30,-588,-500,-88
08/10/2019 22:45,-587,-500,-87
08/10/2019 23:00,-588,-500,-88
08/10/2019 23:15,-441,-426,-15
08/10/2019 23:30,-366,-351,-15
08/10/2019 23:45,-414,-326,-88
09/10/2019 00:00,-395,-300,-95
09/10/2019 00:15,-418,-324,-94
09/10/2019 00:30,-444,-350,-94
09/10/2019 00:45,-458,-364,-94
09/10/2019 01:00,-476,-382,-94
09/10/2019 01:15,-482,-388,-94
09/10/2019 01:30,-518,-424,-94
09/10/2019 01:45,-564,-470,-94
09/10/2019 02:00,-522,-428,-94
09/10/2019 02:15,-485,-391,-94
09/10/2019 02:30,-482,-388,-94
09/10/2019 02:45,-471,-375,-96
09/10/2019 03:00,-492,-398,-94
09/10/2019 03:15,-515,-421,-94
09/10/2019 03:30,-512,-417,-95
09/10/2019 03:45,-492,-397,-95
09/10/2019 04:00,-567,-472,-95
09/10/2019 04:15,-595,-500,-95
09/10/2019 04:30,-592,-498,-94
09/10/2019 04:45,-517,-423,-94
09/10/2019 05:00,-568,-474,-94
09/10/2019 05:15,-595,-500,-95
09/10/2019 05:30,-595,-500,-95
09/10/2019 05:45,-595,-500,-95
09/10/2019 06:00,-594,-500,-94
09/10/2019 06:15,-594,-500,-94
09/10/2019 06:30,-546,-451,-95
09/10/2019 06:45,-467,-376,-91
09/10/2019 07:00,-318,-301,-17
09/10/2019 07:15,-209,-226,17
09/10/2019 07:30,-135,-151,16
09/10/2019 07:45,11,-76,87
09/10/2019 08:00,168,-1,169
09/10/2019 08:15,304,60,244
09/10/2019 08:30,364,47,317
09/10/2019 08:45,439,59,380
09/10/2019 09:00,445,1,444
09/10/2019 09:15,437,0,437
09/10/2019 09:30,438,0,438
09/10/2019 09:45,367,0,367
09/10/2019 10:00,291,0,291
09/10/2019 10:15,168,-50,218
09/10/2019 10:30,141,-1,142
09/10/2019 10:45,92,0,92
09/10/2019 11:00,18,0,18
09/10/2019 11:15,-150,-64,-86
09/10/2019 11:30,-148,-54,-94
09/10/2019 11:45,-144,-50,-94
09/10/2019 12:00,-196,-101,-95
09/10/2019 12:15,-271,-176,-95
09/10/2019 12:30,-205,-110,-95
09/10/2019 12:45,-255,-161,-94
09/10/2019 13:00,-328,-236,-92
09/10/2019 13:15,-396,-311,-85
09/10/2019 13:30,-474,-386,-88
09/10/2019 13:45,-468,-374,-94
09/10/2019 14:00,-483,-388,-95
09/10/2019 14:15,-489,-402,-87
09/10/2019 14:30,-506,-416,-90
09/10/2019 14:45,-525,-430,-95
09/10/2019 15:00,-540,-448,-92
09/10/2019 15:15,-552,-469,-83
09/10/2019 15:30,-549,-467,-82
09/10/2019 15:45,-562,-467,-95
09/10/2019 16:00,-490,-467,-23
09/10/2019 16:15,-483,-468,-15
09/10/2019 16:30,-487,-472,-15
09/10/2019 16:45,-515,-482,-33
09/10/2019 17:00,-454,-407,-47
09/10/2019 17:15,-406,-388,-18
09/10/2019 17:30,-555,-463,-92
09/10/2019 17:45,-595,-500,-95
09/10/2019 18:00,-594,-500,-94
09/10/2019 18:15,-594,-500,-94
09/10/2019 18:30,-594,-500,-94
09/10/2019 18:45,-592,-497,-95
09/10/2019 19:00,-516,-422,-94
09/10/2019 19:15,-444,-350,-94
09/10/2019 19:30,-371,-277,-94
09/10/2019 19:45,-349,-291,-58
09/10/2019 20:00,-403,-333,-70
09/10/2019 20:15,-439,-386,-53
09/10/2019 20:30,-443,-390,-53
09/10/2019 20:45,-437,-400,-37
09/10/2019 21:00,-530,-437,-93
09/10/2019 21:15,-565,-471,-94
09/10/2019 21:30,-595,-500,-95
09/10/2019 21:45,-595,-500,-95
09/10/2019 22:00,-594,-500,-94
09/10/2019 22:15,-594,-500,-94
09/10/2019 22:30,-595,-500,-95
09/10/2019 22:45,-594,-500,-94
09/10/2019 23:00,-591,-500,-91
09/10/2019 23:15,-513,-497,-16
09/10/2019 23:30,-548,-498,-50
09/10/2019 23:45,-590,-500,-90
10/10/2019 00:00,-589,-500,-89
10/10/2019 00:15,-589,-500,-89
10/10/2019 00:30,-589,-500,-89
10/10/2019 00:45,-590,-500,-90
10/10/2019 01:00,-589,-500,-89
10/10/2019 01:15,-590,-500,-90
10/10/2019 01:30,-590,-500,-90
10/10/2019 01:45,-573,-483,-90
10/10/2019 02:00,-498,-408,-90
10/10/2019 02:15,-423,-333,-90
10/10/2019 02:30,-388,-299,-89
10/10/2019 02:45,-408,-318,-90
10/10/2019 03:00,-333,-243,-90
10/10/2019 03:15,-267,-177,-90
10/10/2019 03:30,-192,-102,-90
10/10/2019 03:45,-198,-109,-89
10/10/2019 04:00,-273,-184,-89
10/10/2019 04:15,-348,-259,-89
10/10/2019 04:30,-374,-285,-89
10/10/2019 04:45,-391,-302,-89
10/10/2019 05:00,-467,-377,-90
10/10/2019 05:15,-542,-452,-90
10/10/2019 05:30,-590,-500,-90
10/10/2019 05:45,-544,-455,-89
10/10/2019 06:00,-469,-380,-89
10/10/2019 06:15,-395,-305,-90
10/10/2019 06:30,-357,-267,-90
10/10/2019 06:45,-283,-194,-89
10/10/2019 07:00,-136,-119,-17
10/10/2019 07:15,43,-44,87
10/10/2019 07:30,111,0,111
10/10/2019 07:45,129,0,129
10/10/2019 08:00,203,0,203
10/10/2019 08:15,351,74,277
10/10/2019 08:30,500,149,351
10/10/2019 08:45,601,176,425
10/10/2019 09:00,471,101,370
10/10/2019 09:15,329,26,303
10/10/2019 09:30,377,0,377
10/10/2019 09:45,327,1,326
10/10/2019 10:00,254,1,253
10/10/2019 10:15,178,0,178
10/10/2019 10:30,130,0,130
10/10/2019 10:45,53,-39,92
10/10/2019 11:00,-97,-114,17
10/10/2019 11:15,-275,-189,-86
10/10/2019 11:30,-352,-263,-89
10/10/2019 11:45,-427,-338,-89
10/10/2019 12:00,-503,-413,-90
10/10/2019 12:15,-577,-488,-89
10/10/2019 12:30,-589,-500,-89
10/10/2019 12:45,-589,-500,-89
10/10/2019 13:00,-589,-500,-89
10/10/2019 13:15,-589,-500,-89
10/10/2019 13:30,-589,-500,-89
10/10/2019 13:45,-589,-500,-89
10/10/2019 14:00,-590,-500,-90
10/10/2019 14:15,-590,-500,-90
10/10/2019 14:30,-589,-500,-89
10/10/2019 14:45,-589,-500,-89
10/10/2019 15:00,-590,-500,-90
10/10/2019 15:15,-590,-500,-90
10/10/2019 15:30,-589,-500,-89
10/10/2019 15:45,-590,-500,-90
10/10/2019 16:00,-590,-500,-90
10/10/2019 16:15,-590,-500,-90
10/10/2019 16:30,-590,-500,-90
10/10/2019 16:45,-590,-500,-90
10/10/2019 17:00,-589,-500,-89
10/10/2019 17:15,-589,-500,-89
10/10/2019 17:30,-590,-500,-90
10/10/2019 17:45,-590,-500,-90
10/10/2019 18:00,-590,-500,-90
10/10/2019 18:15,-589,-500,-89
10/10/2019 18:30,-589,-500,-89
10/10/2019 18:45,-589,-500,-89
10/10/2019 19:00,-589,-500,-89
10/10/2019 19:15,-590,-500,-90
10/10/2019 19:30,-590,-500,-90
10/10/2019 19:45,-589,-500,-89
10/10/2019 20:00,-589,-500,-89
10/10/2019 20:15,-590,-500,-90
10/10/2019 20:30,-589,-500,-89
10/10/2019 20:45,-589,-500,-89
10/10/2019 21:00,-590,-500,-90
10/10/2019 21:15,-589,-500,-89
10/10/2019 21:30,-589,-500,-89
10/10/2019 21:45,-590,-500,-90
10/10/2019 22:00,-590,-500,-90
10/10/2019 22:15,-589,-500,-89
10/10/2019 22:30,-590,-500,-90
10/10/2019 22:45,-590,-500,-90
10/10/2019 23:00,-581,-500,-81
10/10/2019 23:15,-580,-500,-80
10/10/2019 23:30,-579,-500,-79
10/10/2019 23:45,-580,-500,-80
11/10/2019 00:00,-580,-500,-80
11/10/2019 00:15,-580,-500,-80
11/10/2019 00:30,-580,-500,-80
11/10/2019 00:45,-579,-500,-79
11/10/2019 01:00,-580,-500,-80
11/10/2019 01:15,-580,-500,-80
11/10/2019 01:30,-580,-500,-80
11/10/2019 01:45,-580,-500,-80
11/10/2019 02:00,-576,-500,-76
11/10/2019 02:15,-567,-500,-67
11/10/2019 02:30,-558,-500,-58
11/10/2019 02:45,-552,-500,-52
11/10/2019 03:00,-517,-500,-17
11/10/2019 03:15,-465,-483,18
11/10/2019 03:30,-481,-499,18
11/10/2019 03:45,-428,-476,48
11/10/2019 04:00,-382,-401,19
11/10/2019 04:15,-309,-326,17
11/10/2019 04:30,-308,-333,25
11/10/2019 04:45,-333,-350,17
11/10/2019 05:00,-258,-275,17
11/10/2019 05:15,-247,-201,-46
11/10/2019 05:30,-352,-275,-77
11/10/2019 05:45,-429,-350,-79
11/10/2019 06:00,-504,-425,-79
11/10/2019 06:15,-580,-500,-80
11/10/2019 06:30,-579,-500,-79
11/10/2019 06:45,-512,-432,-80
11/10/2019 07:00,-373,-357,-16
11/10/2019 07:15,-193,-282,89
11/10/2019 07:30,-70,-231,161
11/10/2019 07:45,-110,-203,93
11/10/2019 08:00,39,-128,167
11/10/2019 08:15,187,-53,240
11/10/2019 08:30,166,0,166
11/10/2019 08:45,92,0,92
11/10/2019 09:00,-47,-64,17
11/10/2019 09:15,-143,-128,-15
11/10/2019 09:30,-128,-53,-75
11/10/2019 09:45,-80,0,-80
11/10/2019 10:00,-67,0,-67
11/10/2019 10:15,-15,0,-15
11/10/2019 10:30,-15,0,-15
11/10/2019 10:45,-55,-40,-15
11/10/2019 11:00,-160,-115,-45
11/10/2019 11:15,-236,-190,-46
11/10/2019 11:30,-283,-242,-41
11/10/2019 11:45,-227,-186,-41
11/10/2019 12:00,-230,-198,-32
11/10/2019 12:15,-300,-273,-27
11/10/2019 12:30,-270,-254,-16
11/10/2019 12:45,-241,-226,-15
11/10/2019 13:00,-314,-299,-15
11/10/2019 13:15,-393,-353,-40
11/10/2019 13:30,-498,-420,-78
11/10/2019 13:45,-429,-350,-79
11/10/2019 14:00,-354,-275,-79
11/10/2019 14:15,-279,-200,-79
11/10/2019 14:30,-204,-125,-79
11/10/2019 14:45,-169,-90,-79
11/10/2019 15:00,-141,-62,-79
11/10/2019 15:15,-110,-30,-80
11/10/2019 15:30,-111,-32,-79
11/10/2019 15:45,-111,-31,-80
11/10/2019 16:00,-78,-1,-77
11/10/2019 16:15,-79,0,-79
11/10/2019 16:30,-51,-29,-22
11/10/2019 16:45,-119,-104,-15
11/10/2019 17:00,-51,-36,-15
11/10/2019 17:15,88,0,88
11/10/2019 17:30,162,0,162
11/10/2019 17:45,90,0,90
11/10/2019 18:00,19,0,19
11/10/2019 18:15,59,74,-15
11/10/2019 18:30,134,149,-15
11/10/2019 18:45,145,224,-79
11/10/2019 19:00,281,299,-18
11/10/2019 19:15,463,374,89
11/10/2019 19:30,556,449,107
11/10/2019 19:45,644,524,120
11/10/2019 20:00,724,530,194
11/10/2019 20:15,799,530,269
11/10/2019 20:30,867,524,343
11/10/2019 20:45,860,449,411
11/10/2019 21:00,713,374,339
11/10/2019 21:15,579,299,280
11/10/2019 21:30,537,224,313
11/10/2019 21:45,592,224,368
11/10/2019 22:00,590,175,415
11/10/2019 22:15,466,123,343
11/10/2019 22:30,410,140,270
11/10/2019 22:45,347,149,198
11/10/2019 23:00,277,156,121
11/10/2019 23:15,425,231,194
11/10/2019 23:30,519,250,269
11/10/2019 23:45,504,280,224
12/10/2019 00:00,566,355,211
12/10/2019 00:15,619,430,189
12/10/2019 00:30,623,476,147
12/10/2019 00:45,492,401,91
12/10/2019 01:00,343,326,17
12/10/2019 01:15,163,251,-88
12/10/2019 01:30,108,176,-68
12/10/2019 01:45,114,184,-70
12/10/2019 02:00,93,109,-16
12/10/2019 02:15,19,34,-15
12/10/2019 02:30,-23,0,-23
12/10/2019 02:45,-26,0,-26
12/10/2019 03:00,-59,0,-59
12/10/2019 03:15,-95,0,-95
12/10/2019 03:30,-96,0,-96
12/10/2019 03:45,-85,0,-85
12/10/2019 04:00,-76,0,-76
12/10/2019 04:15,-67,0,-67
12/10/2019 04:30,-55,0,-55
12/10/2019 04:45,-16,0,-16
12/10/2019 05:00,-91,0,-91
12/10/2019 05:15,-141,0,-141
12/10/2019 05:30,-160,0,-160
12/10/2019 05:45,-91,0,-91
12/10/2019 06:00,-16,0,-16
12/10/2019 06:15,88,0,88
12/10/2019 06:30,161,0,161
12/10/2019 06:45,181,0,181
12/10/2019 07:00,253,0,253
12/10/2019 07:15,336,8,328
12/10/2019 07:30,270,8,262
12/10/2019 07:45,274,82,192
12/10/2019 08:00,422,157,265
12/10/2019 08:15,570,232,338
12/10/2019 08:30,704,307,397
12/10/2019 08:45,729,293,436
12/10/2019 09:00,757,357,400
12/10/2019 09:15,789,421,368
12/10/2019 09:30,790,407,383
12/10/2019 09:45,798,405,393
12/10/2019 10:00,810,427,383
12/10/2019 10:15,820,450,370
12/10/2019 10:30,830,448,382
12/10/2019 10:45,849,448,401
12/10/2019 11:00,877,455,422
12/10/2019 11:15,854,463,391
12/10/2019 11:30,858,463,395
12/10/2019 11:45,855,459,396
12/10/2019 12:00,815,492,323
12/10/2019 12:15,825,522,303
12/10/2019 12:30,885,530,355
12/10/2019 12:45,931,505,426
12/10/2019 13:00,809,430,379
12/10/2019 13:15,695,355,340
12/10/2019 13:30,734,346,388
12/10/2019 13:45,832,393,439
12/10/2019 14:00,751,350,401
12/10/2019 14:15,682,313,369
12/10/2019 14:30,700,319,381
12/10/2019 14:45,698,311,387
12/10/2019 15:00,773,366,407
12/10/2019 15:15,868,441,427
12/10/2019 15:30,818,384,434
12/10/2019 15:45,825,395,430
12/10/2019 16:00,912,470,442
12/10/2019 16:15,962,530,432
12/10/2019 16:30,887,530,357
12/10/2019 16:45,795,506,289
12/10/2019 17:00,831,465,366
12/10/2019 17:15,850,410,440
12/10/2019 17:30,861,414,447
12/10/2019 17:45,817,413,404
12/10/2019 18:00,790,369,421
12/10/2019 18:15,840,425,415
12/10/2019 18:30,807,384,423
12/10/2019 18:45,835,402,433
12/10/2019 19:00,923,477,446
12/10/2019 19:15,978,530,448
12/10/2019 19:30,975,530,445
12/10/2019 19:45,970,530,440
12/10/2019 20:00,978,530,448
12/10/2019 20:15,977,530,447
12/10/2019 20:30,976,530,446
12/10/2019 20:45,978,530,448
12/10/2019 21:00,977,530,447
12/10/2019 21:15,978,530,448
12/10/2019 21:30,977,530,447
12/10/2019 21:45,977,530,447
12/10/2019 22:00,978,530,448
12/10/2019 22:15,977,530,447
12/10/2019 22:30,978,530,448
12/10/2019 22:45,978,530,448
12/10/2019 23:00,977,530,447
12/10/2019 23:15,830,456,374
12/10/2019 23:30,684,381,303
12/10/2019 23:45,559,306,253
13/10/2019 00:00,604,277,327
13/10/2019 00:15,740,341,399
13/10/2019 00:30,801,388,413
13/10/2019 00:45,744,333,411
13/10/2019 01:00,701,258,443
13/10/2019 01:15,630,183,447
13/10/2019 01:30,555,108,447
13/10/2019 01:45,581,133,448
13/10/2019 02:00,515,68,447
13/10/2019 02:15,576,129,447
13/10/2019 02:30,576,129,447
13/10/2019 02:45,643,196,447
13/10/2019 03:00,719,271,448
13/10/2019 03:15,793,346,447
13/10/2019 03:30,868,421,447
13/10/2019 03:45,820,400,420
13/10/2019 04:00,820,475,345
13/10/2019 04:15,806,530,276
13/10/2019 04:30,785,530,255
13/10/2019 04:45,829,530,299
13/10/2019 05:00,829,530,299
13/10/2019 05:15,837,530,307
13/10/2019 05:30,843,530,313
13/10/2019 05:45,827,530,297
13/10/2019 06:00,861,530,331
13/10/2019 06:15,877,530,347
13/10/2019 06:30,953,530,423
13/10/2019 06:45,951,504,447
13/10/2019 07:00,876,429,447
13/10/2019 07:15,813,366,447
13/10/2019 07:30,665,294,371
13/10/2019 07:45,664,365,299
13/10/2019 08:00,787,416,371
13/10/2019 08:15,919,481,438
13/10/2019 08:30,904,466,438
13/10/2019 08:45,832,467,365
13/10/2019 09:00,875,453,422
13/10/2019 09:15,887,441,446
13/10/2019 09:30,860,413,447
13/10/2019 09:45,828,381,447
13/10/2019 10:00,837,390,447
13/10/2019 10:15,844,397,447
13/10/2019 10:30,844,397,447
13/10/2019 10:45,844,397,447
13/10/2019 11:00,836,389,447
13/10/2019 11:15,909,462,447
13/10/2019 11:30,969,521,448
13/10/2019 11:45,894,446,448
13/10/2019 12:00,821,373,448
13/10/2019 12:15,798,351,447
13/10/2019 12:30,813,366,447
13/10/2019 12:45,814,366,448
13/10/2019 13:00,873,426,447
13/10/2019 13:15,936,488,448
13/10/2019 13:30,929,482,447
13/10/2019 13:45,938,491,447
13/10/2019 14:00,956,508,448
13/10/2019 14:15,974,526,448
13/10/2019 14:30,971,524,447
13/10/2019 14:45,973,526,447
13/10/2019 15:00,934,487,447
13/10/2019 15:15,893,445,448
13/10/2019 15:30,892,445,447
13/10/2019 15:45,882,434,448
13/10/2019 16:00,806,359,447
13/10/2019 16:15,735,287,448
13/10/2019 16:30,695,248,447
13/10/2019 16:45,640,193,447
13/10/2019 17:00,672,225,447
13/10/2019 17:15,635,234,401
13/10/2019 17:30,725,309,416
13/10/2019 17:45,653,248,405
13/10/2019 18:00,618,173,445
13/10/2019 18:15,546,98,448
13/10/2019 18:30,529,116,413
13/10/2019 18:45,530,191,339
13/10/2019 19:00,676,266,410
13/10/2019 19:15,788,341,447
13/10/2019 19:30,863,416,447
13/10/2019 19:45,922,475,447
13/10/2019 20:00,977,530,447
13/10/2019 20:15,977,530,447
13/10/2019 20:30,977,530,447
13/10/2019 20:45,978,530,448
13/10/2019 21:00,977,530,447
13/10/2019 21:15,977,530,447
13/10/2019 21:30,977,530,447
13/10/2019 21:45,978,530,448
13/10/2019 22:00,978,530,448
13/10/2019 22:15,977,530,447
13/10/2019 22:30,977,530,447
13/10/2019 22:45,977,530,447
13/10/2019 23:00,977,530,447
13/10/2019 23:15,888,456,432
13/10/2019 23:30,821,381,440
13/10/2019 23:45,754,306,448
14/10/2019 00:00,824,377,447
14/10/2019 00:15,885,437,448
14/10/2019 00:30,919,472,447
14/10/2019 00:45,858,411,447
14/10/2019 01:00,784,336,448
14/10/2019 01:15,709,261,448
14/10/2019 01:30,661,214,447
14/10/2019 01:45,594,179,415
14/10/2019 02:00,447,104,343
14/10/2019 02:15,293,29,264
14/10/2019 02:30,261,0,261
14/10/2019 02:45,330,0,330
14/10/2019 03:00,261,0,261
14/10/2019 03:15,215,0,215
14/10/2019 03:30,188,0,188
14/10/2019 03:45,175,0,175
14/10/2019 04:00,99,0,99
14/10/2019 04:15,36,0,36
14/10/2019 04:30,55,0,55
14/10/2019 04:45,65,0,65
14/10/2019 05:00,49,0,49
14/10/2019 05:15,26,0,26
14/10/2019 05:30,19,0,19
14/10/2019 05:45,-66,0,-66
14/10/2019 06:00,-92,0,-92
14/10/2019 06:15,-167,-74,-93
14/10/2019 06:30,-241,-149,-92
14/10/2019 06:45,-242,-164,-78
14/10/2019 07:00,-157,-139,-18
14/10/2019 07:15,-45,-111,66
14/10/2019 07:30,-96,-114,18
14/10/2019 07:45,-213,-127,-86
14/10/2019 08:00,-67,-52,-15
14/10/2019 08:15,86,0,86
14/10/2019 08:30,160,0,160
14/10/2019 08:45,240,0,240
14/10/2019 09:00,241,0,241
14/10/2019 09:15,167,0,167
14/10/2019 09:30,236,0,236
14/10/2019 09:45,255,0,255
14/10/2019 10:00,315,0,315
14/10/2019 10:15,386,0,386
14/10/2019 10:30,381,0,381
14/10/2019 10:45,411,0,411
14/10/2019 11:00,346,0,346
14/10/2019 11:15,439,74,365
14/10/2019 11:30,585,149,436
14/10/2019 11:45,619,224,395
14/10/2019 12:00,621,299,322
14/10/2019 12:15,620,374,246
14/10/2019 12:30,726,449,277
14/10/2019 12:45,856,524,332
14/10/2019 13:00,790,530,260
14/10/2019 13:15,691,504,187
14/10/2019 13:30,762,507,255
14/10/2019 13:45,834,508,326
14/10/2019 14:00,749,495,254
14/10/2019 14:15,675,480,195
14/10/2019 14:30,676,481,195
14/10/2019 14:45,739,476,263
14/10/2019 15:00,801,512,289
14/10/2019 15:15,762,439,323
14/10/2019 15:30,653,364,289
14/10/2019 15:45,600,289,311
14/10/2019 16:00,729,342,387
14/10/2019 16:15,864,417,447
14/10/2019 16:30,795,348,447
14/10/2019 16:45,763,315,448
14/10/2019 17:00,837,390,447
14/10/2019 17:15,912,465,447
14/10/2019 17:30,875,428,447
14/10/2019 17:45,818,370,448
14/10/2019 18:00,892,445,447
14/10/2019 18:15,967,520,447
14/10/2019 18:30,895,448,447
14/10/2019 18:45,836,388,448
14/10/2019 19:00,860,412,448
14/10/2019 19:15,934,487,447
14/10/2019 19:30,927,480,447
14/10/2019 19:45,915,468,447
14/10/2019 20:00,976,529,447
14/10/2019 20:15,977,530,447
14/10/2019 20:30,977,530,447
14/10/2019 20:45,977,530,447
14/10/2019 21:00,977,530,447
14/10/2019 21:15,977,530,447
14/10/2019 21:30,977,530,447
14/10/2019 21:45,977,530,447
14/10/2019 22:00,978,530,448
14/10/2019 22:15,977,530,447
14/10/2019 22:30,978,530,448
14/10/2019 22:45,978,530,448
14/10/2019 23:00,977,530,447
14/10/2019 23:15,869,456,413
14/10/2019 23:30,802,381,421
14/10/2019 23:45,719,306,413
15/10/2019 00:00,673,231,442
15/10/2019 00:15,753,306,447
15/10/2019 00:30,757,310,447
15/10/2019 00:45,683,235,448
15/10/2019 01:00,586,160,426
15/10/2019 01:15,446,85,361
15/10/2019 01:30,295,10,285
15/10/2019 01:45,338,0,338
15/10/2019 02:00,320,0,320
15/10/2019 02:15,307,0,307
15/10/2019 02:30,301,0,301
15/10/2019 02:45,286,0,286
15/10/2019 03:00,319,0,319
15/10/2019 03:15,363,0,363
15/10/2019 03:30,375,0,375
15/10/2019 03:45,391,0,391
15/10/2019 04:00,393,2,391
15/10/2019 04:15,442,77,365
15/10/2019 04:30,503,69,434
15/10/2019 04:45,483,52,431
15/10/2019 05:00,490,127,363
15/10/2019 05:15,488,202,286
15/10/2019 05:30,456,151,305
15/10/2019 05:45,363,76,287
15/10/2019 06:00,211,1,210
15/10/2019 06:15,110,-26,136
15/10/2019 06:30,86,-23,109
15/10/2019 06:45,157,-26,183
15/10/2019 07:00,256,-1,257
15/10/2019 07:15,405,74,331
15/10/2019 07:30,461,149,312
15/10/2019 07:45,500,224,276
15/10/2019 08:00,652,299,353
15/10/2019 08:15,801,374,427
15/10/2019 08:30,895,449,446
15/10/2019 08:45,857,452,405
15/10/2019 09:00,761,377,384
15/10/2019 09:15,639,302,337
15/10/2019 09:30,703,291,412
15/10/2019 09:45,726,279,447
15/10/2019 10:00,652,204,448
15/10/2019 10:15,539,129,410
15/10/2019 10:30,544,102,442
15/10/2019 10:45,536,133,403
15/10/2019 11:00,386,58,328
15/10/2019 11:15,251,0,251
15/10/2019 11:30,239,0,239
15/10/2019 11:45,234,0,234
15/10/2019 12:00,162,0,162
15/10/2019 12:15,85,0,85
15/10/2019 12:30,85,0,85
15/10/2019 12:45,28,-65,93
15/10/2019 13:00,-122,-140,18
15/10/2019 13:15,-302,-215,-87
15/10/2019 13:30,-342,-271,-71
15/10/2019 13:45,-339,-324,-15
15/10/2019 14:00,-460,-399,-61
15/10/2019 14:15,-568,-474,-94
15/10/2019 14:30,-499,-404,-95
15/10/2019 14:45,-428,-333,-95
15/10/2019 15:00,-349,-258,-91
15/10/2019 15:15,-361,-276,-85
15/10/2019 15:30,-443,-351,-92
15/10/2019 15:45,-521,-426,-95
15/10/2019 16:00,-564,-470,-94
15/10/2019 16:15,-561,-467,-94
15/10/2019 16:30,-593,-499,-94
15/10/2019 16:45,-594,-500,-94
15/10/2019 17:00,-595,-500,-95
15/10/2019 17:15,-594,-500,-94
15/10/2019 17:30,-594,-500,-94
15/10/2019 17:45,-594,-500,-94
15/10/2019 18:00,-594,-500,-94
15/10/2019 18:15,-595,-500,-95
15/10/2019 18:30,-594,-500,-94
15/10/2019 18:45,-595,-500,-95
15/10/2019 19:00,-594,-500,-94
15/10/2019 19:15,-595,-500,-95
15/10/2019 19:30,-595,-500,-95
15/10/2019 19:45,-538,-500,-38
15/10/2019 20:00,-593,-500,-93
15/10/2019 20:15,-593,-499,-94
15/10/2019 20:30,-518,-424,-94
15/10/2019 20:45,-418,-349,-69
15/10/2019 21:00,-506,-413,-93
15/10/2019 21:15,-582,-488,-94
15/10/2019 21:30,-504,-414,-90
15/10/2019 21:45,-433,-345,-88
15/10/2019 22:00,-514,-420,-94
15/10/2019 22:15,-589,-495,-94
15/10/2019 22:30,-595,-500,-95
15/10/2019 22:45,-594,-500,-94
15/10/2019 23:00,-595,-500,-95
15/10/2019 23:15,-598,-500,-98
15/10/2019 23:30,-599,-500,-99
15/10/2019 23:45,-598,-500,-98
16/10/2019 00:00,-599,-500,-99
16/10/2019 00:15,-599,-500,-99
16/10/2019 00:30,-598,-500,-98
16/10/2019 00:45,-599,-500,-99
16/10/2019 01:00,-599,-500,-99
16/10/2019 01:15,-599,-500,-99
16/10/2019 01:30,-599,-500,-99
16/10/2019 01:45,-598,-500,-98
16/10/2019 02:00,-599,-500,-99
16/10/2019 02:15,-600,-500,-100
16/10/2019 02:30,-599,-500,-99
16/10/2019 02:45,-593,-495,-98
16/10/2019 03:00,-519,-420,-99
16/10/2019 03:15,-444,-345,-99
16/10/2019 03:30,-369,-270,-99
16/10/2019 03:45,-264,-195,-69
16/10/2019 04:00,-216,-120,-96
16/10/2019 04:15,-143,-45,-98
16/10/2019 04:30,-115,-17,-98
16/10/2019 04:45,-163,-92,-71
16/10/2019 05:00,-263,-167,-96
16/10/2019 05:15,-333,-242,-91
16/10/2019 05:30,-334,-317,-17
16/10/2019 05:45,-250,-267,17
16/10/2019 06:00,-175,-192,17
16/10/2019 06:15,-205,-117,-88
16/10/2019 06:30,-58,-42,-16
16/10/2019 06:45,31,-57,88
16/10/2019 07:00,168,-1,169
16/10/2019 07:15,306,65,241
16/10/2019 07:30,287,50,237
16/10/2019 07:45,374,124,250
16/10/2019 08:00,522,199,323
16/10/2019 08:15,671,274,397
16/10/2019 08:30,795,349,446
16/10/2019 08:45,870,424,446
16/10/2019 09:00,849,421,428
16/10/2019 09:15,714,357,357
16/10/2019 09:30,695,297,398
16/10/2019 09:45,797,368,429
16/10/2019 10:00,800,381,419
16/10/2019 10:15,796,407,389
16/10/2019 10:30,847,404,443
16/10/2019 10:45,825,404,421
16/10/2019 11:00,760,411,349
16/10/2019 11:15,695,419,276
16/10/2019 11:30,655,424,231
16/10/2019 11:45,656,431,225
16/10/2019 12:00,648,431,217
16/10/2019 12:15,614,410,204
16/10/2019 12:30,655,479,176
16/10/2019 12:45,565,429,136
16/10/2019 13:00,493,354,139
16/10/2019 13:15,409,279,130
16/10/2019 13:30,338,204,134
16/10/2019 13:45,372,231,141
16/10/2019 14:00,370,242,128
16/10/2019 14:15,365,253,112
16/10/2019 14:30,370,253,117
16/10/2019 14:45,370,257,113
16/10/2019 15:00,263,224,39
16/10/2019 15:15,213,192,21
16/10/2019 15:30,213,158,55
16/10/2019 15:45,261,133,128
16/10/2019 16:00,262,58,204
16/10/2019 16:15,269,0,269
16/10/2019 16:30,194,0,194
16/10/2019 16:45,63,-53,116
16/10/2019 17:00,115,-1,116
16/10/2019 17:15,241,74,167
16/10/2019 17:30,184,90,94
16/10/2019 17:45,69,39,30
16/10/2019 18:00,17,0,17
16/10/2019 18:15,-162,-74,-88
16/10/2019 18:30,-248,-149,-99
16/10/2019 18:45,-323,-224,-99
16/10/2019 19:00,-398,-299,-99
16/10/2019 19:15,-453,-354,-99
16/10/2019 19:30,-448,-350,-98
16/10/2019 19:45,-446,-347,-99
16/10/2019 20:00,-520,-422,-98
16/10/2019 20:15,-485,-387,-98
16/10/2019 20:30,-411,-312,-99
16/10/2019 20:45,-284,-259,-25
16/10/2019 21:00,-413,-334,-79
16/10/2019 21:15,-508,-409,-99
16/10/2019 21:30,-470,-371,-99
16/10/2019 21:45,-355,-330,-25
16/10/2019 22:00,-477,-405,-72
16/10/2019 22:15,-578,-480,-98
16/10/2019 22:30,-599,-500,-99
16/10/2019 22:45,-566,-468,-98
16/10/2019 23:00,-550,-452,-98
16/10/2019 23:15,-640,-500,-140
16/10/2019 23:30,-640,-500,-140
16/10/2019 23:45,-640,-500,-140
17/10/2019 00:00,-640,-500,-140
17/10/2019 00:15,-640,-500,-140
17/10/2019 00:30,-640,-500,-140
17/10/2019 00:45,-640,-500,-140
17/10/2019 01:00,-640,-500,-140
17/10/2019 01:15,-640,-500,-140
17/10/2019 01:30,-640,-500,-140
17/10/2019 01:45,-640,-500,-140
17/10/2019 02:00,-640,-500,-140
17/10/2019 02:15,-640,-500,-140
17/10/2019 02:30,-640,-500,-140
17/10/2019 02:45,-640,-500,-140
17/10/2019 03:00,-640,-500,-140
17/10/2019 03:15,-640,-500,-140
17/10/2019 03:30,-640,-500,-140
17/10/2019 03:45,-640,-500,-140
17/10/2019 04:00,-640,-500,-140
17/10/2019 04:15,-640,-500,-140
17/10/2019 04:30,-640,-500,-140
17/10/2019 04:45,-640,-500,-140
17/10/2019 05:00,-640,-500,-140
17/10/2019 05:15,-640,-500,-140
17/10/2019 05:30,-640,-500,-140
17/10/2019 05:45,-640,-500,-140
17/10/2019 06:00,-641,-500,-141
17/10/2019 06:15,-640,-500,-140
17/10/2019 06:30,-640,-500,-140
17/10/2019 06:45,-640,-500,-140
17/10/2019 07:00,-640,-500,-140
17/10/2019 07:15,-640,-500,-140
17/10/2019 07:30,-640,-500,-140
17/10/2019 07:45,-585,-444,-141
17/10/2019 08:00,-509,-369,-140
17/10/2019 08:15,-434,-294,-140
17/10/2019 08:30,-359,-219,-140
17/10/2019 08:45,-382,-255,-127
17/10/2019 09:00,-404,-269,-135
17/10/2019 09:15,-423,-283,-140
17/10/2019 09:30,-362,-282,-80
17/10/2019 09:45,-288,-273,-15
17/10/2019 10:00,-386,-322,-64
17/10/2019 10:15,-462,-371,-91
17/10/2019 10:30,-379,-363,-16
17/10/2019 10:45,-359,-376,17
17/10/2019 11:00,-299,-316,17
17/10/2019 11:15,-152,-241,89
17/10/2019 11:30,-5,-172,167
17/10/2019 11:45,-5,-247,242
17/10/2019 12:00,116,-195,311
17/10/2019 12:15,143,-162,305
17/10/2019 12:30,173,-166,339
17/10/2019 12:45,215,-166,381
17/10/2019 13:00,184,-163,347
17/10/2019 13:15,153,-158,311
17/10/2019 13:30,164,-158,322
17/10/2019 13:45,163,-156,319
17/10/2019 14:00,128,-179,307
17/10/2019 14:15,83,-203,286
17/10/2019 14:30,80,-201,281
17/10/2019 14:45,86,-189,275
17/10/2019 15:00,0,-245,245
17/10/2019 15:15,-76,-303,227
17/10/2019 15:30,-130,-301,171
17/10/2019 15:45,-153,-246,93
17/10/2019 16:00,-32,-171,139
17/10/2019 16:15,-5,-96,91
17/10/2019 16:30,-19,-35,16
17/10/2019 16:45,-125,-110,-15
17/10/2019 17:00,-53,-38,-15
17/10/2019 17:15,89,0,89
17/10/2019 17:30,135,0,135
17/10/2019 17:45,134,0,134
17/10/2019 18:00,70,0,70
17/10/2019 18:15,50,0,50
17/10/2019 18:30,39,0,39
17/10/2019 18:45,112,0,112
17/10/2019 19:00,184,0,184
17/10/2019 19:15,333,74,259
17/10/2019 19:30,483,148,335
17/10/2019 19:45,486,81,405
17/10/2019 20:00,459,13,446
17/10/2019 20:15,435,58,377
17/10/2019 20:30,541,132,409
17/10/2019 20:45,442,75,367
17/10/2019 21:00,293,0,293
17/10/2019 21:15,144,-75,219
17/10/2019 21:30,139,-1,140
17/10/2019 21:45,95,4,91
17/10/2019 22:00,19,1,18
17/10/2019 22:15,-115,-40,-75
17/10/2019 22:30,-50,-1,-49
17/10/2019 22:45,-36,0,-36
17/10/2019 23:00,-25,0,-25
17/10/2019 23:15,153,74,79
17/10/2019 23:30,175,26,149
17/10/2019 23:45,216,0,216
18/10/2019 00:00,146,0,146
18/10/2019 00:15,74,0,74
18/10/2019 00:30,17,0,17
18/10/2019 00:45,17,0,17
18/10/2019 01:00,17,0,17
18/10/2019 01:15,-84,0,-84
18/10/2019 01:30,-92,0,-92
18/10/2019 01:45,-123,0,-123
18/10/2019 02:00,-124,0,-124
18/10/2019 02:15,-115,0,-115
18/10/2019 02:30,-131,0,-131
18/10/2019 02:45,-148,0,-148
18/10/2019 03:00,-154,0,-154
18/10/2019 03:15,-145,0,-145
18/10/2019 03:30,-145,0,-145
18/10/2019 03:45,-151,0,-151
18/10/2019 04:00,-118,0,-118
18/10/2019 04:15,-93,0,-93
18/10/2019 04:30,-19,0,-19
18/10/2019 04:45,-41,42,-83
18/10/2019 05:00,-160,1,-161
18/10/2019 05:15,-232,0,-232
18/10/2019 05:30,-171,0,-171
18/10/2019 05:45,-91,0,-91
18/10/2019 06:00,-17,0,-17
18/10/2019 06:15,10,-7,17
18/10/2019 06:30,82,-1,83
18/10/2019 06:45,199,38,161
18/10/2019 07:00,276,40,236
18/10/2019 07:15,376,66,310
18/10/2019 07:30,307,1,306
18/10/2019 07:45,314,31,283
18/10/2019 08:00,462,106,356
18/10/2019 08:15,610,181,429
18/10/2019 08:30,626,180,446
18/10/2019 08:45,656,210,446
18/10/2019 09:00,731,285,446
18/10/2019 09:15,805,360,445
18/10/2019 09:30,881,435,446
18/10/2019 09:45,956,510,446
18/10/2019 10:00,976,530,446
18/10/2019 10:15,976,530,446
18/10/2019 10:30,975,530,445
18/10/2019 10:45,976,530,446
18/10/2019 11:00,976,530,446
18/10/2019 11:15,977,530,447
18/10/2019 11:30,976,530,446
18/10/2019 11:45,977,530,447
18/10/2019 12:00,977,530,447
18/10/2019 12:15,976,530,446
18/10/2019 12:30,977,530,447
18/10/2019 12:45,977,530,447
18/10/2019 13:00,977,530,447
18/10/2019 13:15,976,530,446
18/10/2019 13:30,977,530,447
18/10/2019 13:45,976,530,446
18/10/2019 14:00,977,530,447
18/10/2019 14:15,976,530,446
18/10/2019 14:30,977,530,447
18/10/2019 14:45,977,530,447
18/10/2019 15:00,977,530,447
18/10/2019 15:15,977,530,447
18/10/2019 15:30,977,530,447
18/10/2019 15:45,977,530,447
18/10/2019 16:00,977,530,447
18/10/2019 16:15,976,530,446
18/10/2019 16:30,976,530,446
18/10/2019 16:45,977,530,447
18/10/2019 17:00,977,530,447
18/10/2019 17:15,977,530,447
18/10/2019 17:30,978,530,448
18/10/2019 17:45,977,530,447
18/10/2019 18:00,978,530,448
18/10/2019 18:15,960,530,430
18/10/2019 18:30,973,530,443
18/10/2019 18:45,977,530,447
18/10/2019 19:00,977,530,447
18/10/2019 19:15,977,530,447
18/10/2019 19:30,977,530,447
18/10/2019 19:45,978,530,448
18/10/2019 20:00,978,530,448
18/10/2019 20:15,977,530,447
18/10/2019 20:30,977,530,447
18/10/2019 20:45,978,530,448
18/10/2019 21:00,977,530,447
18/10/2019 21:15,977,530,447
18/10/2019 21:30,978,530,448
18/10/2019 21:45,963,530,433
18/10/2019 22:00,889,530,359
18/10/2019 22:15,827,530,297
18/10/2019 22:30,813,530,283
18/10/2019 22:45,881,530,351
18/10/2019 23:00,881,530,351
18/10/2019 23:15,878,456,422
18/10/2019 23:30,828,381,447
18/10/2019 23:45,745,306,439
19/10/2019 00:00,675,231,444
19/10/2019 00:15,625,222,403
19/10/2019 00:30,601,248,353
19/10/2019 00:45,549,196,353
19/10/2019 01:00,468,121,347
19/10/2019 01:15,375,46,329
19/10/2019 01:30,305,0,305
19/10/2019 01:45,298,0,298
19/10/2019 02:00,285,0,285
19/10/2019 02:15,269,0,269
19/10/2019 02:30,247,0,247
19/10/2019 02:45,231,0,231
19/10/2019 03:00,208,0,208
19/10/2019 03:15,258,0,258
19/10/2019 03:30,313,0,313
19/10/2019 03:45,311,0,311
19/10/2019 04:00,303,0,303
19/10/2019 04:15,305,0,305
19/10/2019 04:30,315,0,315
19/10/2019 04:45,297,0,297
19/10/2019 05:00,273,0,273
19/10/2019 05:15,204,0,204
19/10/2019 05:30,151,0,151
19/10/2019 05:45,224,0,224
19/10/2019 06:00,203,0,203
19/10/2019 06:15,196,28,168
19/10/2019 06:30,247,25,222
19/10/2019 06:45,365,99,266
19/10/2019 07:00,481,174,307
19/10/2019 07:15,630,249,381
19/10/2019 07:30,648,324,324
19/10/2019 07:45,532,254,278
19/10/2019 08:00,530,179,351
19/10/2019 08:15,529,104,425
19/10/2019 08:30,476,29,447
19/10/2019 08:45,484,37,447
19/10/2019 09:00,387,1,386
19/10/2019 09:15,313,0,313
19/10/2019 09:30,371,0,371
19/10/2019 09:45,405,0,405
19/10/2019 10:00,443,0,443
19/10/2019 10:15,448,0,448
19/10/2019 10:30,460,13,447
19/10/2019 10:45,536,88,448
19/10/2019 11:00,610,163,447
19/10/2019 11:15,686,238,448
19/10/2019 11:30,761,313,448
19/10/2019 11:45,784,363,421
19/10/2019 12:00,764,365,399
19/10/2019 12:15,756,379,377
19/10/2019 12:30,733,376,357
19/10/2019 12:45,713,376,337
19/10/2019 13:00,607,344,263
19/10/2019 13:15,512,284,228
19/10/2019 13:30,662,359,303
19/10/2019 13:45,748,371,377
19/10/2019 14:00,677,296,381
19/10/2019 14:15,528,221,307
19/10/2019 14:30,518,227,291
19/10/2019 14:45,525,243,282
19/10/2019 15:00,375,168,207
19/10/2019 15:15,225,93,132
19/10/2019 15:30,132,71,61
19/10/2019 15:45,237,141,96
19/10/2019 16:00,249,141,108
19/10/2019 16:15,218,80,138
19/10/2019 16:30,135,67,68
19/10/2019 16:45,95,47,48
19/10/2019 17:00,125,1,124
19/10/2019 17:15,201,0,201
19/10/2019 17:30,195,0,195
19/10/2019 17:45,123,0,123
19/10/2019 18:00,50,0,50
19/10/2019 18:15,52,0,52
19/10/2019 18:30,18,0,18
19/10/2019 18:45,2,-74,76
19/10/2019 19:00,106,-51,157
19/10/2019 19:15,231,0,231
19/10/2019 19:30,299,0,299
19/10/2019 19:45,273,0,273
19/10/2019 20:00,347,0,347
19/10/2019 20:15,495,74,421
19/10/2019 20:30,578,149,429
19/10/2019 20:45,489,108,381
19/10/2019 21:00,340,33,307
19/10/2019 21:15,233,0,233
19/10/2019 21:30,251,0,251
19/10/2019 21:45,231,0,231
19/10/2019 22:00,157,0,157
19/10/2019 22:15,8,-74,82
19/10/2019 22:30,-64,-81,17
19/10/2019 22:45,-76,-6,-70
19/10/2019 23:00,-124,0,-124
19/10/2019 23:15,-221,-74,-147
19/10/2019 23:30,-172,-51,-121
19/10/2019 23:45,-93,0,-93
20/10/2019 00:00,-65,0,-65
20/10/2019 00:15,-27,0,-27
20/10/2019 00:30,-17,0,-17
20/10/2019 00:45,56,0,56
20/10/2019 01:00,68,0,68
20/10/2019 01:15,95,0,95
20/10/2019 01:30,71,0,71
20/10/2019 01:45,46,0,46
20/10/2019 02:00,19,0,19
20/10/2019 02:15,-87,0,-87
20/10/2019 02:30,-69,0,-69
20/10/2019 02:45,-15,0,-15
20/10/2019 03:00,-156,-71,-85
20/10/2019 03:15,-307,-146,-161
20/10/2019 03:30,-313,-76,-237
20/10/2019 03:45,-259,-1,-258
20/10/2019 04:00,-294,-36,-258
20/10/2019 04:15,-369,-111,-258
20/10/2019 04:30,-328,-70,-258
20/10/2019 04:45,-291,-33,-258
20/10/2019 05:00,-366,-108,-258
20/10/2019 05:15,-441,-183,-258
20/10/2019 05:30,-420,-165,-255
20/10/2019 05:45,-464,-217,-247
20/10/2019 06:00,-541,-292,-249
20/10/2019 06:15,-625,-367,-258
20/10/2019 06:30,-681,-423,-258
20/10/2019 06:45,-606,-348,-258
20/10/2019 07:00,-530,-273,-257
20/10/2019 07:15,-456,-198,-258
20/10/2019 07:30,-462,-204,-258
20/10/2019 07:45,-446,-223,-223
20/10/2019 08:00,-294,-148,-146
20/10/2019 08:15,-142,-73,-69
20/10/2019 08:30,-186,-109,-77
20/10/2019 08:45,-253,-163,-90
20/10/2019 09:00,-105,-88,-17
20/10/2019 09:15,43,-13,56
20/10/2019 09:30,18,0,18
20/10/2019 09:45,-46,0,-46
20/10/2019 10:00,-78,0,-78
20/10/2019 10:15,-152,0,-152
20/10/2019 10:30,-76,0,-76
20/10/2019 10:45,-98,0,-98
20/10/2019 11:00,-175,0,-175
20/10/2019 11:15,-325,-74,-251
20/10/2019 11:30,-407,-149,-258
20/10/2019 11:45,-391,-133,-258
20/10/2019 12:00,-414,-156,-258
20/10/2019 12:15,-437,-180,-257
20/10/2019 12:30,-443,-186,-257
20/10/2019 12:45,-459,-201,-258
20/10/2019 13:00,-421,-164,-257
20/10/2019 13:15,-397,-139,-258
20/10/2019 13:30,-325,-67,-258
20/10/2019 13:45,-381,-124,-257
20/10/2019 14:00,-457,-199,-258
20/10/2019 14:15,-528,-271,-257
20/10/2019 14:30,-580,-323,-257
20/10/2019 14:45,-507,-249,-258
20/10/2019 15:00,-432,-174,-258
20/10/2019 15:15,-357,-99,-258
20/10/2019 15:30,-301,-43,-258
20/10/2019 15:45,-375,-118,-257
20/10/2019 16:00,-450,-193,-257
20/10/2019 16:15,-525,-268,-257
20/10/2019 16:30,-601,-343,-258
20/10/2019 16:45,-614,-357,-257
20/10/2019 17:00,-540,-282,-258
20/10/2019 17:15,-467,-209,-258
20/10/2019 17:30,-402,-144,-258
20/10/2019 17:45,-402,-144,-258
20/10/2019 18:00,-379,-122,-257
20/10/2019 18:15,-331,-74,-257
20/10/2019 18:30,-342,-149,-193
20/10/2019 18:45,-193,-76,-117
20/10/2019 19:00,-42,-1,-41
20/10/2019 19:15,59,74,-15
20/10/2019 19:30,134,149,-15
20/10/2019 19:45,170,83,87
20/10/2019 20:00,229,69,160
20/10/2019 20:15,258,43,215
20/10/2019 20:30,339,49,290
20/10/2019 20:45,412,73,339
20/10/2019 21:00,266,1,265
20/10/2019 21:15,118,-74,192
20/10/2019 21:30,212,-14,226
20/10/2019 21:45,273,0,273
20/10/2019 22:00,145,-54,199
20/10/2019 22:15,9,-120,129
20/10/2019 22:30,159,-45,204
20/10/2019 22:45,279,0,279
20/10/2019 23:00,352,0,352
20/10/2019 23:15,209,-74,283
20/10/2019 23:30,59,-149,208
20/10/2019 23:45,-29,-162,133
21/10/2019 00:00,-27,-87,60
21/10/2019 00:15,117,-12,129
21/10/2019 00:30,166,0,166
21/10/2019 00:45,237,0,237
21/10/2019 01:00,280,0,280
21/10/2019 01:15,205,0,205
21/10/2019 01:30,130,0,130
21/10/2019 01:45,76,0,76
21/10/2019 02:00,150,0,150
21/10/2019 02:15,222,0,222
21/10/2019 02:30,209,0,209
21/10/2019 02:45,174,0,174
21/10/2019 03:00,101,0,101
21/10/2019 03:15,148,0,148
21/10/2019 03:30,224,0,224
21/10/2019 03:45,297,0,297
21/10/2019 04:00,315,0,315
21/10/2019 04:15,241,0,241
21/10/2019 04:30,165,0,165
21/10/2019 04:45,167,74,93
21/10/2019 05:00,19,1,18
21/10/2019 05:15,-90,-36,-54
21/10/2019 05:30,-18,-1,-17
21/10/2019 05:45,24,0,24
21/10/2019 06:00,98,0,98
21/10/2019 06:15,180,0,180
21/10/2019 06:30,198,0,198
21/10/2019 06:45,311,74,237
21/10/2019 07:00,460,149,311
21/10/2019 07:15,608,224,384
21/10/2019 07:30,719,273,446
21/10/2019 07:45,764,318,446
21/10/2019 08:00,839,393,446
21/10/2019 08:15,914,468,446
21/10/2019 08:30,976,530,446
21/10/2019 08:45,976,530,446
21/10/2019 09:00,976,530,446
21/10/2019 09:15,976,530,446
21/10/2019 09:30,976,530,446
21/10/2019 09:45,976,530,446
21/10/2019 10:00,976,530,446
21/10/2019 10:15,977,530,447
21/10/2019 10:30,976,530,446
21/10/2019 10:45,977,530,447
21/10/2019 11:00,976,530,446
21/10/2019 11:15,975,530,445
21/10/2019 11:30,976,530,446
21/10/2019 11:45,977,530,447
21/10/2019 12:00,976,530,446
21/10/2019 12:15,977,530,447
21/10/2019 12:30,976,530,446
21/10/2019 12:45,977,530,447
21/10/2019 13:00,976,530,446
21/10/2019 13:15,976,530,446
21/10/2019 13:30,976,530,446
21/10/2019 13:45,976,530,446
21/10/2019 14:00,976,530,446
21/10/2019 14:15,976,530,446
21/10/2019 14:30,976,530,446
21/10/2019 14:45,977,530,447
21/10/2019 15:00,975,530,445
21/10/2019 15:15,976,530,446
21/10/2019 15:30,976,530,446
21/10/2019 15:45,976,530,446
21/10/2019 16:00,976,530,446
21/10/2019 16:15,976,530,446
21/10/2019 16:30,976,530,446
21/10/2019 16:45,976,530,446
21/10/2019 17:00,976,530,446
21/10/2019 17:15,976,530,446
21/10/2019 17:30,976,530,446
21/10/2019 17:45,976,530,446
21/10/2019 18:00,976,530,446
21/10/2019 18:15,976,530,446
21/10/2019 18:30,976,530,446
21/10/2019 18:45,976,530,446
21/10/2019 19:00,977,530,447
21/10/2019 19:15,976,530,446
21/10/2019 19:30,976,530,446
21/10/2019 19:45,976,530,446
21/10/2019 20:00,976,530,446
21/10/2019 20:15,976,530,446
21/10/2019 20:30,976,530,446
21/10/2019 20:45,976,530,446
21/10/2019 21:00,975,529,446
21/10/2019 21:15,976,530,446
21/10/2019 21:30,976,530,446
21/10/2019 21:45,976,530,446
21/10/2019 22:00,964,530,434
21/10/2019 22:15,900,530,370
21/10/2019 22:30,893,530,363
21/10/2019 22:45,963,530,433
21/10/2019 23:00,966,530,436
21/10/2019 23:15,820,456,364
21/10/2019 23:30,671,381,290
21/10/2019 23:45,523,306,217
22/10/2019 00:00,456,231,225
22/10/2019 00:15,397,156,241
22/10/2019 00:30,248,81,167
22/10/2019 00:45,98,6,92
22/10/2019 01:00,19,0,19
22/10/2019 01:15,-14,0,-14
22/10/2019 01:30,-65,0,-65
22/10/2019 01:45,-139,0,-139
22/10/2019 02:00,-170,0,-170
22/10/2019 02:15,-158,0,-158
22/10/2019 02:30,-131,0,-131
22/10/2019 02:45,-69,0,-69
22/10/2019 03:00,-145,0,-145
22/10/2019 03:15,-262,-74,-188
22/10/2019 03:30,-219,-31,-188
22/10/2019 03:45,-182,-18,-164
22/10/2019 04:00,-279,-93,-186
22/10/2019 04:15,-356,-168,-188
22/10/2019 04:30,-328,-140,-188
22/10/2019 04:45,-228,-116,-112
22/10/2019 05:00,-355,-191,-164
22/10/2019 05:15,-454,-266,-188
22/10/2019 05:30,-455,-267,-188
22/10/2019 05:45,-403,-215,-188
22/10/2019 06:00,-328,-140,-188
22/10/2019 06:15,-205,-65,-140
22/10/2019 06:30,-65,0,-65
22/10/2019 06:45,-33,-10,-23
22/10/2019 07:00,-182,-85,-97
22/10/2019 07:15,-321,-148,-173
22/10/2019 07:30,-390,-223,-167
22/10/2019 07:45,-243,-151,-92
22/10/2019 08:00,-94,-77,-17
22/10/2019 08:15,85,-2,87
22/10/2019 08:30,160,0,160
22/10/2019 08:45,90,0,90
22/10/2019 09:00,17,0,17
22/10/2019 09:15,-15,0,-15
22/10/2019 09:30,-15,0,-15
22/10/2019 09:45,87,0,87
22/10/2019 10:00,52,0,52
22/10/2019 10:15,17,0,17
22/10/2019 10:30,54,0,54
22/10/2019 10:45,127,0,127
22/10/2019 11:00,182,0,182
22/10/2019 11:15,112,4,108
22/10/2019 11:30,130,4,126
22/10/2019 11:45,195,4,191
22/10/2019 12:00,202,11,191
22/10/2019 12:15,203,19,184
22/10/2019 12:30,186,19,167
22/10/2019 12:45,112,20,92
22/10/2019 13:00,19,1,18
22/10/2019 13:15,-87,0,-87
22/10/2019 13:30,-162,0,-162
22/10/2019 13:45,-190,-2,-188
22/10/2019 14:00,-192,-3,-189
22/10/2019 14:15,-193,-5,-188
22/10/2019 14:30,-204,-16,-188
22/10/2019 14:45,-217,-29,-188
22/10/2019 15:00,-233,-44,-189
22/10/2019 15:15,-262,-73,-189
22/10/2019 15:30,-212,-22,-190
22/10/2019 15:45,-275,-86,-189
22/10/2019 16:00,-350,-161,-189
22/10/2019 16:15,-425,-236,-189
22/10/2019 16:30,-500,-311,-189
22/10/2019 16:45,-544,-355,-189
22/10/2019 17:00,-469,-280,-189
22/10/2019 17:15,-431,-242,-189
22/10/2019 17:30,-507,-317,-190
22/10/2019 17:45,-501,-312,-189
22/10/2019 18:00,-426,-237,-189
22/10/2019 18:15,-351,-162,-189
22/10/2019 18:30,-330,-141,-189
22/10/2019 18:45,-365,-176,-189
22/10/2019 19:00,-290,-101,-189
22/10/2019 19:15,-215,-26,-189
22/10/2019 19:30,-168,-45,-123
22/10/2019 19:45,-179,-120,-59
22/10/2019 20:00,-329,-195,-134
22/10/2019 20:15,-458,-270,-188
22/10/2019 20:30,-464,-276,-188
22/10/2019 20:45,-389,-201,-188
22/10/2019 21:00,-249,-126,-123
22/10/2019 21:15,-112,-51,-61
22/10/2019 21:30,-76,-61,-15
22/10/2019 21:45,-187,-136,-51
22/10/2019 22:00,-337,-211,-126
22/10/2019 22:15,-474,-286,-188
22/10/2019 22:30,-549,-361,-188
22/10/2019 22:45,-448,-288,-160
22/10/2019 23:00,-298,-213,-85
22/10/2019 23:15,-371,-287,-84
22/10/2019 23:30,-446,-362,-84
22/10/2019 23:45,-482,-398,-84
23/10/2019 00:00,-557,-473,-84
23/10/2019 00:15,-585,-500,-85
23/10/2019 00:30,-585,-500,-85
23/10/2019 00:45,-585,-500,-85
23/10/2019 01:00,-585,-500,-85
23/10/2019 01:15,-585,-500,-85
23/10/2019 01:30,-585,-500,-85
23/10/2019 01:45,-585,-500,-85
23/10/2019 02:00,-585,-500,-85
23/10/2019 02:15,-585,-500,-85
23/10/2019 02:30,-585,-500,-85
23/10/2019 02:45,-585,-500,-85
23/10/2019 03:00,-585,-500,-85
23/10/2019 03:15,-585,-500,-85
23/10/2019 03:30,-585,-500,-85
23/10/2019 03:45,-585,-500,-85
23/10/2019 04:00,-585,-500,-85
23/10/2019 04:15,-585,-500,-85
23/10/2019 04:30,-585,-500,-85
23/10/2019 04:45,-585,-500,-85
23/10/2019 05:00,-585,-500,-85
23/10/2019 05:15,-585,-500,-85
23/10/2019 05:30,-585,-500,-85
23/10/2019 05:45,-585,-500,-85
23/10/2019 06:00,-584,-500,-84
23/10/2019 06:15,-585,-500,-85
23/10/2019 06:30,-584,-500,-84
23/10/2019 06:45,-584,-500,-84
23/10/2019 07:00,-585,-500,-85
23/10/2019 07:15,-584,-500,-84
23/10/2019 07:30,-584,-500,-84
23/10/2019 07:45,-584,-500,-84
23/10/2019 08:00,-584,-500,-84
23/10/2019 08:15,-584,-500,-84
23/10/2019 08:30,-584,-500,-84
23/10/2019 08:45,-584,-500,-84
23/10/2019 09:00,-584,-500,-84
23/10/2019 09:15,-584,-500,-84
23/10/2019 09:30,-584,-500,-84
23/10/2019 09:45,-584,-500,-84
23/10/2019 10:00,-585,-500,-85
23/10/2019 10:15,-584,-500,-84
23/10/2019 10:30,-584,-500,-84
23/10/2019 10:45,-583,-500,-83
23/10/2019 11:00,-584,-500,-84
23/10/2019 11:15,-584,-500,-84
23/10/2019 11:30,-584,-500,-84
23/10/2019 11:45,-584,-500,-84
23/10/2019 12:00,-584,-500,-84
23/10/2019 12:15,-584,-500,-84
23/10/2019 12:30,-584,-500,-84
23/10/2019 12:45,-584,-500,-84
23/10/2019 13:00,-584,-500,-84
23/10/2019 13:15,-584,-500,-84
23/10/2019 13:30,-584,-500,-84
23/10/2019 13:45,-584,-500,-84
23/10/2019 14:00,-584,-500,-84
23/10/2019 14:15,-584,-500,-84
23/10/2019 14:30,-584,-500,-84
23/10/2019 14:45,-583,-500,-83
23/10/2019 15:00,-584,-500,-84
23/10/2019 15:15,-584,-500,-84
23/10/2019 15:30,-584,-500,-84
23/10/2019 15:45,-583,-500,-83
23/10/2019 16:00,-584,-500,-84
23/10/2019 16:15,-584,-500,-84
23/10/2019 16:30,-584,-500,-84
23/10/2019 16:45,-584,-500,-84
23/10/2019 17:00,-584,-500,-84
23/10/2019 17:15,-583,-500,-83
23/10/2019 17:30,-584,-500,-84
23/10/2019 17:45,-584,-500,-84
23/10/2019 18:00,-513,-433,-80
23/10/2019 18:15,-435,-358,-77
23/10/2019 18:30,-381,-322,-59
23/10/2019 18:45,-285,-249,-36
23/10/2019 19:00,-189,-174,-15
23/10/2019 19:15,-48,-99,51
23/10/2019 19:30,59,-24,83
23/10/2019 19:45,89,-35,124
23/10/2019 20:00,104,-1,105
23/10/2019 20:15,92,0,92
23/10/2019 20:30,102,0,102
23/10/2019 20:45,100,-14,114
23/10/2019 21:00,-5,-89,84
23/10/2019 21:15,-113,-164,51
23/10/2019 21:30,-86,-127,41
23/10/2019 21:45,-45,-68,23
23/10/2019 22:00,-126,-143,17
23/10/2019 22:15,-302,-218,-84
23/10/2019 22:30,-180,-164,-16
23/10/2019 22:45,-56,-89,33
23/10/2019 23:00,33,-14,47
23/10/2019 23:15,122,0,122
23/10/2019 23:30,78,0,78
23/10/2019 23:45,18,0,18
24/10/2019 00:00,17,0,17
24/10/2019 00:15,18,0,18
24/10/2019 00:30,17,0,17
24/10/2019 00:45,-25,0,-25
24/10/2019 01:00,-16,0,-16
24/10/2019 01:15,-5,-46,41
24/10/2019 01:30,-62,-80,18
24/10/2019 01:45,-204,-117,-87
24/10/2019 02:00,-243,-131,-112
24/10/2019 02:15,-264,-152,-112
24/10/2019 02:30,-256,-147,-109
24/10/2019 02:45,-242,-139,-103
24/10/2019 03:00,-275,-164,-111
24/10/2019 03:15,-302,-189,-113
24/10/2019 03:30,-299,-187,-112
24/10/2019 03:45,-298,-186,-112
24/10/2019 04:00,-299,-202,-97
24/10/2019 04:15,-279,-219,-60
24/10/2019 04:30,-287,-218,-69
24/10/2019 04:45,-252,-218,-34
24/10/2019 05:00,-334,-224,-110
24/10/2019 05:15,-344,-232,-112
24/10/2019 05:30,-345,-232,-113
24/10/2019 05:45,-354,-248,-106
24/10/2019 06:00,-274,-174,-100
24/10/2019 06:15,-206,-113,-93
24/10/2019 06:30,-152,-41,-111
24/10/2019 06:45,-224,-112,-112
24/10/2019 07:00,-252,-187,-65
24/10/2019 07:15,-277,-262,-15
24/10/2019 07:30,-356,-285,-71
24/10/2019 07:45,-313,-221,-92
24/10/2019 08:00,-162,-146,-16
24/10/2019 08:15,-54,-71,17
24/10/2019 08:30,18,0,18
24/10/2019 08:45,18,0,18
24/10/2019 09:00,18,0,18
24/10/2019 09:15,-29,0,-29
24/10/2019 09:30,-26,0,-26
24/10/2019 09:45,-20,0,-20
24/10/2019 10:00,-18,0,-18
24/10/2019 10:15,88,0,88
24/10/2019 10:30,92,0,92
24/10/2019 10:45,117,0,117
24/10/2019 11:00,134,0,134
24/10/2019 11:15,283,74,209
24/10/2019 11:30,432,149,283
24/10/2019 11:45,472,115,357
24/10/2019 12:00,517,88,429
24/10/2019 12:15,476,30,446
24/10/2019 12:30,551,105,446
24/10/2019 12:45,522,76,446
24/10/2019 13:00,447,1,446
24/10/2019 13:15,416,-10,426
24/10/2019 13:30,410,-1,411
24/10/2019 13:45,385,0,385
24/10/2019 14:00,402,0,402
24/10/2019 14:15,366,-32,398
24/10/2019 14:30,385,-1,386
24/10/2019 14:45,361,0,361
24/10/2019 15:00,369,0,369
24/10/2019 15:15,399,0,399
24/10/2019 15:30,322,0,322
24/10/2019 15:45,229,-26,255
24/10/2019 16:00,332,-1,333
24/10/2019 16:15,480,74,406
24/10/2019 16:30,420,75,345
24/10/2019 16:45,379,93,286
24/10/2019 17:00,529,168,361
24/10/2019 17:15,678,243,435
24/10/2019 17:30,705,259,446
24/10/2019 17:45,717,271,446
24/10/2019 18:00,793,346,447
24/10/2019 18:15,867,420,447
24/10/2019 18:30,911,463,448
24/10/2019 18:45,902,454,448
24/10/2019 19:00,977,529,448
24/10/2019 19:15,977,530,447
24/10/2019 19:30,978,530,448
24/10/2019 19:45,977,530,447
24/10/2019 20:00,977,530,447
24/10/2019 20:15,977,530,447
24/10/2019 20:30,977,530,447
24/10/2019 20:45,977,530,447
24/10/2019 21:00,978,530,448
24/10/2019 21:15,978,530,448
24/10/2019 21:30,978,530,448
24/10/2019 21:45,977,530,447
24/10/2019 22:00,977,530,447
24/10/2019 22:15,976,529,447
24/10/2019 22:30,977,530,447
24/10/2019 22:45,978,530,448
24/10/2019 23:00,978,530,448
24/10/2019 23:15,831,456,375
24/10/2019 23:30,682,381,301
24/10/2019 23:45,533,306,227
25/10/2019 00:00,479,231,248
25/10/2019 00:15,477,156,321
25/10/2019 00:30,407,81,326
25/10/2019 00:45,258,6,252
25/10/2019 01:00,179,0,179
25/10/2019 01:15,103,0,103
25/10/2019 01:30,30,0,30
25/10/2019 01:45,18,0,18
25/10/2019 02:00,17,0,17
25/10/2019 02:15,-67,0,-67
25/10/2019 02:30,-72,0,-72
25/10/2019 02:45,-86,0,-86
25/10/2019 03:00,-75,0,-75
25/10/2019 03:15,-74,0,-74
25/10/2019 03:30,-74,0,-74
25/10/2019 03:45,-69,0,-69
25/10/2019 04:00,-110,0,-110
25/10/2019 04:15,-114,-3,-111
25/10/2019 04:30,-112,-1,-111
25/10/2019 04:45,-110,0,-110
25/10/2019 05:00,-111,0,-111
25/10/2019 05:15,-92,0,-92
25/10/2019 05:30,-16,0,-16
25/10/2019 05:45,21,0,21
25/10/2019 06:00,98,0,98
25/10/2019 06:15,177,0,177
25/10/2019 06:30,247,0,247
25/10/2019 06:45,377,74,303
25/10/2019 07:00,531,149,382
25/10/2019 07:15,669,224,445
25/10/2019 07:30,744,299,445
25/10/2019 07:45,781,335,446
25/10/2019 08:00,856,410,446
25/10/2019 08:15,931,485,446
25/10/2019 08:30,976,530,446
25/10/2019 08:45,976,530,446
25/10/2019 09:00,976,530,446
25/10/2019 09:15,976,530,446
25/10/2019 09:30,976,530,446
25/10/2019 09:45,976,530,446
25/10/2019 10:00,976,530,446
25/10/2019 10:15,976,530,446
25/10/2019 10:30,975,530,445
25/10/2019 10:45,976,530,446
25/10/2019 11:00,976,530,446
25/10/2019 11:15,976,530,446
25/10/2019 11:30,977,530,447
25/10/2019 11:45,976,530,446
25/10/2019 12:00,976,530,446
25/10/2019 12:15,976,530,446
25/10/2019 12:30,975,530,445
25/10/2019 12:45,976,530,446
25/10/2019 13:00,976,530,446
25/10/2019 13:15,976,530,446
25/10/2019 13:30,976,530,446
25/10/2019 13:45,977,530,447
25/10/2019 14:00,976,530,446
25/10/2019 14:15,976,530,446
25/10/2019 14:30,976,530,446
25/10/2019 14:45,976,530,446
25/10/2019 15:00,976,530,446
25/10/2019 15:15,976,530,446
25/10/2019 15:30,976,530,446
25/10/2019 15:45,976,530,446
25/10/2019 16:00,977,530,447
25/10/2019 16:15,976,530,446
25/10/2019 16:30,976,530,446
25/10/2019 16:45,976,530,446
25/10/2019 17:00,976,530,446
25/10/2019 17:15,976,530,446
25/10/2019 17:30,976,530,446
25/10/2019 17:45,977,530,447
25/10/2019 18:00,976,530,446
25/10/2019 18:15,976,530,446
25/10/2019 18:30,976,530,446
25/10/2019 18:45,976,530,446
25/10/2019 19:00,976,530,446
25/10/2019 19:15,976,530,446
25/10/2019 19:30,976,530,446
25/10/2019 19:45,976,530,446
25/10/2019 20:00,977,530,447
25/10/2019 20:15,977,530,447
25/10/2019 20:30,977,530,447
25/10/2019 20:45,976,530,446
25/10/2019 21:00,977,530,447
25/10/2019 21:15,976,530,446
25/10/2019 21:30,976,530,446
25/10/2019 21:45,976,530,446
25/10/2019 22:00,968,522,446
25/10/2019 22:15,893,447,446
25/10/2019 22:30,878,431,447
25/10/2019 22:45,905,459,446
25/10/2019 23:00,903,456,447
25/10/2019 23:15,754,381,373
25/10/2019 23:30,607,306,301
25/10/2019 23:45,505,231,274
26/10/2019 00:00,502,156,346
26/10/2019 00:15,503,81,422
26/10/2019 00:30,581,135,446
26/10/2019 00:45,654,208,446
26/10/2019 01:00,659,213,446
26/10/2019 01:15,540,139,401
26/10/2019 01:30,540,201,339
26/10/2019 01:45,438,174,264
26/10/2019 02:00,288,99,189
26/10/2019 02:15,140,24,116
26/10/2019 02:30,41,0,41
26/10/2019 02:45,71,5,66
26/10/2019 03:00,18,1,17
26/10/2019 03:15,-103,-15,-88
26/10/2019 03:30,-123,-14,-109
26/10/2019 03:45,-119,-11,-108
26/10/2019 04:00,-144,-36,-108
26/10/2019 04:15,-172,-63,-109
26/10/2019 04:30,-163,-55,-108
26/10/2019 04:45,-166,-58,-108
26/10/2019 05:00,-110,-1,-109
26/10/2019 05:15,-109,0,-109
26/10/2019 05:30,-108,0,-108
26/10/2019 05:45,-43,0,-43
26/10/2019 06:00,-44,0,-44
26/10/2019 06:15,-53,0,-53
26/10/2019 06:30,-18,0,-18
26/10/2019 06:45,66,0,66
26/10/2019 07:00,147,0,147
26/10/2019 07:15,221,0,221
26/10/2019 07:30,245,0,245
26/10/2019 07:45,253,0,253
26/10/2019 08:00,327,0,327
26/10/2019 08:15,472,74,398
26/10/2019 08:30,531,85,446
26/10/2019 08:45,472,27,445
26/10/2019 09:00,473,27,446
26/10/2019 09:15,457,11,446
26/10/2019 09:30,485,39,446
26/10/2019 09:45,514,68,446
26/10/2019 10:00,496,50,446
26/10/2019 10:15,479,33,446
26/10/2019 10:30,480,34,446
26/10/2019 10:45,426,39,387
26/10/2019 11:00,315,1,314
26/10/2019 11:15,385,0,385
26/10/2019 11:30,364,0,364
26/10/2019 11:45,306,0,306
26/10/2019 12:00,233,0,233
26/10/2019 12:15,116,-40,156
26/10/2019 12:30,112,-8,120
26/10/2019 12:45,17,-75,92
26/10/2019 13:00,-134,-150,16
26/10/2019 13:15,-243,-225,-18
26/10/2019 13:30,-325,-284,-41
26/10/2019 13:45,-280,-211,-69
26/10/2019 14:00,-292,-210,-82
26/10/2019 14:15,-356,-257,-99
26/10/2019 14:30,-391,-282,-109
26/10/2019 14:45,-333,-243,-90
26/10/2019 15:00,-185,-168,-17
26/10/2019 15:15,-25,-93,68
26/10/2019 15:30,-68,-87,19
26/10/2019 15:45,-159,-144,-15
26/10/2019 16:00,-130,-69,-61
26/10/2019 16:15,-111,-3,-108
26/10/2019 16:30,-187,-78,-109
26/10/2019 16:45,-243,-153,-90
26/10/2019 17:00,-100,-85,-15
26/10/2019 17:15,7,-10,17
26/10/2019 17:30,-62,-79,17
26/10/2019 17:45,-239,-153,-86
26/10/2019 18:00,-94,-78,-16
26/10/2019 18:15,86,-3,89
26/10/2019 18:30,83,0,83
26/10/2019 18:45,128,0,128
26/10/2019 19:00,203,0,203
26/10/2019 19:15,277,0,277
26/10/2019 19:30,301,0,301
26/10/2019 19:45,229,0,229
26/10/2019 20:00,155,0,155
26/10/2019 20:15,81,0,81
26/10/2019 20:30,75,0,75
26/10/2019 20:45,143,0,143
26/10/2019 21:00,84,0,84
26/10/2019 21:15,113,74,39
26/10/2019 21:30,213,149,64
26/10/2019 21:45,329,224,105
26/10/2019 22:00,271,243,28
26/10/2019 22:15,228,183,45
26/10/2019 22:30,282,165,117
26/10/2019 22:45,428,232,196
26/10/2019 23:00,499,232,267
26/10/2019 23:15,355,158,197
26/10/2019 23:30,204,83,121
26/10/2019 23:45,54,8,46
27/10/2019 00:00,-123,-67,-56
27/10/2019 00:15,-243,-142,-101
27/10/2019 00:30,-224,-124,-100
27/10/2019 00:45,-123,-52,-71
27/10/2019 01:00,-18,0,-18
27/10/2019 01:15,71,0,71
27/10/2019 01:30,18,0,18
27/10/2019 01:45,-103,-14,-89
27/10/2019 02:00,-15,0,-15
27/10/2019 02:15,84,-2,86
27/10/2019 02:30,168,-2,170
27/10/2019 02:45,243,0,243
27/10/2019 03:00,310,0,310
27/10/2019 03:15,301,0,301
27/10/2019 03:30,338,0,338
27/10/2019 03:45,381,0,381
27/10/2019 04:00,358,0,358
27/10/2019 04:15,335,0,335
27/10/2019 04:30,366,0,366
27/10/2019 04:45,387,0,387
27/10/2019 05:00,317,0,317
27/10/2019 05:15,315,74,241
27/10/2019 05:30,310,142,168
27/10/2019 05:45,162,67,95
27/10/2019 06:00,22,0,22
27/10/2019 06:15,-156,-74,-82
27/10/2019 06:30,-201,-101,-100
27/10/2019 06:45,-117,-26,-91
27/10/2019 07:00,-17,0,-17
27/10/2019 07:15,161,74,87
27/10/2019 07:30,309,149,160
27/10/2019 07:45,167,76,91
27/10/2019 08:00,18,1,17
27/10/2019 08:15,-21,-6,-15
27/10/2019 08:30,-94,-6,-88
27/10/2019 08:45,-99,-7,-92
27/10/2019 09:00,-18,-1,-17
27/10/2019 09:15,87,0,87
27/10/2019 09:30,95,0,95
27/10/2019 09:45,105,0,105
27/10/2019 10:00,180,0,180
27/10/2019 10:15,256,0,256
27/10/2019 10:30,244,0,244
27/10/2019 10:45,234,0,234
27/10/2019 11:00,308,0,308
27/10/2019 11:15,403,19,384
27/10/2019 11:30,447,1,446
27/10/2019 11:45,412,0,412
27/10/2019 12:00,390,0,390
27/10/2019 12:15,358,0,358
27/10/2019 12:30,375,0,375
27/10/2019 12:45,394,0,394
27/10/2019 13:00,383,0,383
27/10/2019 13:15,381,0,381
27/10/2019 13:30,318,0,318
27/10/2019 13:45,291,0,291
27/10/2019 14:00,350,0,350
27/10/2019 14:15,413,0,413
27/10/2019 14:30,403,0,403
27/10/2019 14:45,387,0,387
27/10/2019 15:00,442,0,442
27/10/2019 15:15,521,74,447
27/10/2019 15:30,466,38,428
27/10/2019 15:45,408,59,349
27/10/2019 16:00,548,134,414
27/10/2019 16:15,656,209,447
27/10/2019 16:30,730,284,446
27/10/2019 16:45,608,235,373
27/10/2019 17:00,578,162,416
27/10/2019 17:15,594,147,447
27/10/2019 17:30,634,188,446
27/10/2019 17:45,675,229,446
27/10/2019 18:00,681,241,440
27/10/2019 18:15,713,281,432
27/10/2019 18:30,632,206,426
27/10/2019 18:45,638,213,425
27/10/2019 19:00,675,288,387
27/10/2019 19:15,712,363,349
27/10/2019 19:30,735,374,361
27/10/2019 19:45,669,299,370
27/10/2019 20:00,612,224,388
27/10/2019 20:15,562,149,413
27/10/2019 20:30,458,74,384
27/10/2019 20:45,407,49,358
27/10/2019 21:00,471,123,348
27/10/2019 21:15,487,179,308
27/10/2019 21:30,623,239,384
27/10/2019 21:45,527,180,347
27/10/2019 22:00,383,105,278
27/10/2019 22:15,232,30,202
27/10/2019 22:30,126,0,126
27/10/2019 22:45,172,0,172
27/10/2019 23:00,166,0,166
27/10/2019 23:15,284,50,234
27/10/2019 23:30,315,1,314
27/10/2019 23:45,337,0,337
28/10/2019 00:00,280,0,280
28/10/2019 00:15,221,0,221
28/10/2019 00:30,218,0,218
28/10/2019 00:45,218,0,218
28/10/2019 01:00,147,0,147
28/10/2019 01:15,93,0,93
28/10/2019 01:30,79,0,79
28/10/2019 01:45,35,0,35
28/10/2019 02:00,17,0,17
28/10/2019 02:15,-86,0,-86
28/10/2019 02:30,-36,0,-36
28/10/2019 02:45,-30,0,-30
28/10/2019 03:00,-105,0,-105
28/10/2019 03:15,-185,-6,-179
28/10/2019 03:30,-204,-1,-203
28/10/2019 03:45,-128,0,-128
28/10/2019 04:00,-196,-3,-193
28/10/2019 04:15,-282,-78,-204
28/10/2019 04:30,-260,-126,-134
28/10/2019 04:45,-259,-199,-60
28/10/2019 05:00,-398,-274,-124
28/10/2019 05:15,-550,-349,-201
28/10/2019 05:30,-628,-424,-204
28/10/2019 05:45,-700,-495,-205
28/10/2019 06:00,-637,-432,-205
28/10/2019 06:15,-564,-359,-205
28/10/2019 06:30,-557,-352,-205
28/10/2019 06:45,-557,-352,-205
28/10/2019 07:00,-511,-306,-205
28/10/2019 07:15,-440,-235,-205
28/10/2019 07:30,-493,-289,-204
28/10/2019 07:45,-437,-232,-205
28/10/2019 08:00,-317,-157,-160
28/10/2019 08:15,-166,-82,-84
28/10/2019 08:30,-31,-7,-24
28/10/2019 08:45,-21,0,-21
28/10/2019 09:00,-17,0,-17
28/10/2019 09:15,88,0,88
28/10/2019 09:30,161,0,161
28/10/2019 09:45,231,0,231
28/10/2019 10:00,291,0,291
28/10/2019 10:15,344,0,344
28/10/2019 10:30,345,0,345
28/10/2019 10:45,339,0,339
28/10/2019 11:00,327,0,327
28/10/2019 11:15,252,0,252
28/10/2019 11:30,291,0,291
28/10/2019 11:45,275,0,275
28/10/2019 12:00,199,0,199
28/10/2019 12:15,123,0,123
28/10/2019 12:30,105,0,105
28/10/2019 12:45,92,0,92
28/10/2019 13:00,19,0,19
28/10/2019 13:15,-86,0,-86
28/10/2019 13:30,-162,0,-162
28/10/2019 13:45,-158,-66,-92
28/10/2019 14:00,-278,-141,-137
28/10/2019 14:15,-381,-216,-165
28/10/2019 14:30,-445,-291,-154
28/10/2019 14:45,-440,-296,-144
28/10/2019 15:00,-431,-281,-150
28/10/2019 15:15,-396,-241,-155
28/10/2019 15:30,-516,-313,-203
28/10/2019 15:45,-508,-303,-205
28/10/2019 16:00,-433,-228,-205
28/10/2019 16:15,-348,-153,-195
28/10/2019 16:30,-409,-217,-192
28/10/2019 16:45,-454,-273,-181
28/10/2019 17:00,-375,-198,-177
28/10/2019 17:15,-329,-125,-204
28/10/2019 17:30,-316,-111,-205
28/10/2019 17:45,-361,-157,-204
28/10/2019 18:00,-286,-107,-179
28/10/2019 18:15,-208,-70,-138
28/10/2019 18:30,-229,-25,-204
28/10/2019 18:45,-290,-85,-205
28/10/2019 19:00,-365,-160,-205
28/10/2019 19:15,-439,-235,-204
28/10/2019 19:30,-462,-260,-202
28/10/2019 19:45,-470,-276,-194
28/10/2019 20:00,-547,-351,-196
28/10/2019 20:15,-630,-426,-204
28/10/2019 20:30,-629,-425,-204
28/10/2019 20:45,-580,-375,-205
28/10/2019 21:00,-654,-450,-204
28/10/2019 21:15,-705,-500,-205
28/10/2019 21:30,-704,-500,-204
28/10/2019 21:45,-704,-500,-204
28/10/2019 22:00,-705,-500,-205
28/10/2019 22:15,-705,-500,-205
28/10/2019 22:30,-704,-500,-204
28/10/2019 22:45,-704,-500,-204
28/10/2019 23:00,-705,-500,-205
28/10/2019 23:15,-776,-500,-276
28/10/2019 23:30,-839,-500,-339
28/10/2019 23:45,-838,-500,-338
29/10/2019 00:00,-838,-500,-338
29/10/2019 00:15,-838,-500,-338
29/10/2019 00:30,-839,-500,-339
29/10/2019 00:45,-838,-500,-338
29/10/2019 01:00,-838,-500,-338
29/10/2019 01:15,-839,-500,-339
29/10/2019 01:30,-838,-500,-338
29/10/2019 01:45,-838,-500,-338
29/10/2019 02:00,-837,-500,-337
29/10/2019 02:15,-838,-500,-338
29/10/2019 02:30,-838,-500,-338
29/10/2019 02:45,-838,-500,-338
29/10/2019 03:00,-838,-500,-338
29/10/2019 03:15,-838,-500,-338
29/10/2019 03:30,-838,-500,-338
29/10/2019 03:45,-837,-500,-337
29/10/2019 04:00,-838,-500,-338
29/10/2019 04:15,-839,-500,-339
29/10/2019 04:30,-838,-500,-338
29/10/2019 04:45,-839,-500,-339
29/10/2019 05:00,-838,-500,-338
29/10/2019 05:15,-839,-500,-339
29/10/2019 05:30,-838,-500,-338
29/10/2019 05:45,-838,-500,-338
29/10/2019 06:00,-838,-500,-338
29/10/2019 06:15,-838,-500,-338
29/10/2019 06:30,-838,-500,-338
29/10/2019 06:45,-838,-500,-338
29/10/2019 07:00,-838,-500,-338
29/10/2019 07:15,-838,-500,-338
29/10/2019 07:30,-838,-500,-338
29/10/2019 07:45,-793,-500,-293
29/10/2019 08:00,-767,-432,-335
29/10/2019 08:15,-696,-357,-339
29/10/2019 08:30,-703,-365,-338
29/10/2019 08:45,-706,-368,-338
29/10/2019 09:00,-631,-293,-338
29/10/2019 09:15,-565,-227,-338
29/10/2019 09:30,-491,-153,-338
29/10/2019 09:45,-543,-205,-338
29/10/2019 10:00,-592,-254,-338
29/10/2019 10:15,-656,-317,-339
29/10/2019 10:30,-641,-303,-338
29/10/2019 10:45,-640,-302,-338
29/10/2019 11:00,-615,-317,-298
29/10/2019 11:15,-574,-352,-222
29/10/2019 11:30,-444,-277,-167
29/10/2019 11:45,-576,-331,-245
29/10/2019 12:00,-671,-406,-265
29/10/2019 12:15,-747,-481,-266
29/10/2019 12:30,-771,-500,-271
29/10/2019 12:45,-761,-500,-261
29/10/2019 13:00,-838,-500,-338
29/10/2019 13:15,-838,-500,-338
29/10/2019 13:30,-839,-500,-339
29/10/2019 13:45,-838,-500,-338
29/10/2019 14:00,-837,-500,-337
29/10/2019 14:15,-838,-500,-338
29/10/2019 14:30,-837,-500,-337
29/10/2019 14:45,-838,-500,-338
29/10/2019 15:00,-838,-500,-338
29/10/2019 15:15,-839,-500,-339
29/10/2019 15:30,-838,-500,-338
29/10/2019 15:45,-838,-500,-338
29/10/2019 16:00,-839,-500,-339
29/10/2019 16:15,-839,-500,-339
29/10/2019 16:30,-835,-500,-335
29/10/2019 16:45,-786,-461,-325
29/10/2019 17:00,-715,-386,-329
29/10/2019 17:15,-651,-312,-339
29/10/2019 17:30,-618,-280,-338
29/10/2019 17:45,-642,-304,-338
29/10/2019 18:00,-574,-236,-338
29/10/2019 18:15,-499,-161,-338
29/10/2019 18:30,-539,-201,-338
29/10/2019 18:45,-614,-276,-338
29/10/2019 19:00,-689,-351,-338
29/10/2019 19:15,-764,-426,-338
29/10/2019 19:30,-837,-500,-337
